"AR(0.8, -0.15)","AR(0.8,0.4)","MA(0.8,0.4)","ARMA( (0.8,-0.15),(0.8,0.4))","ARIMA(2,1,2)"
-0.143317931235711,1.5802368467187,-0.189788080465393,-0.530301750398435,0
0.127914477044919,1.00164270953469,-0.122966724838242,0.366134759120034,-5.10620188339465
1.30368124735632,2.52925775112668,0.838004012530835,0.968489684868755,-6.83771097074913
1.8593792107126,3.02746422189341,-0.767926428911122,1.46163272359518,-5.48500893479617
3.35912132679329,2.88009139343187,0.295840050177196,1.67188357843183,-2.33448234895275
2.5200832809788,3.65399426412497,-1.6288178755033,0.989530420275431,2.74294212836641
1.16346217979786,4.63984265234777,0.517712554112381,0.286920482542382,8.96065500465051
3.1575489992989,5.37741844918124,2.45613322774951,0.0205158514416345,13.2432730519105
3.4555695051832,8.05957732780926,-2.5753862713973,1.70340781246648,16.689235416976
2.78573002008291,9.78056199806873,0.613035337386725,1.53307676587446,20.8699213766093
2.06583261803213,13.5228199165373,2.25604821223733,0.68852707744659,26.1203897966041
1.83275888357144,16.6164937977222,-0.0913556564919102,-0.699259846420646,30.4143126052634
1.96088296808278,19.7333132195048,-4.48631774701688,-0.683046823995342,32.1741284521434
2.34233349339522,22.3962078797625,2.27486382363887,0.949480822795248,31.8772820888453
5.27208780911171,29.0303119833914,0.925387007456245,2.7865291406421,32.1841000597706
5.5753969396561,32.453276161758,1.80701907697618,4.08926788789836,33.0907762108248
4.33826468046222,39.9042913247127,-2.40293418868842,3.169272994445,34.9219694261102
2.8415056749762,46.7583627688487,1.28141131520715,-0.469318870183607,34.9032359050425
2.33140241213415,55.0175368755727,-1.02135896595423,-2.80160029694636,34.1643764402284
1.76136422462171,63.1826577067184,-1.48296325927663,-0.861008021095951,33.2950119140583
1.61288600236124,73.6853338685754,-0.0174851903009214,2.22477100780921,32.4920572195045
0.120290142019782,83.7998481107112,2.43402011278916,4.95035456871737,31.4736457327205
-1.2788481699883,96.3464776533481,0.421983581681587,5.02460805570101,31.5692653874392
-0.204623345473106,110.599359397638,-1.87696890931813,3.2769927170821,32.0120293577756
0.102738012806097,126.70899702009,-1.00751759370877,0.938416403968635,32.8529775574317
1.85411510068854,145.833509526345,2.4361570763724,-0.332797215019972,32.886923827023
2.5706614738645,170.45056432311,-0.687769310251712,-1.37670466867622,32.8080348628588
3.57104361415252,195.38112332934,0.237524333556618,-0.176047578195851,32.9047587833805
3.67101831052057,226.395904099316,0.17216007295144,-0.408215844026352,34.1481369420987
3.70907556653672,260.605396387708,-1.75721155573751,-2.01331296961717,35.4759357653681
2.97019721444258,298.947265014008,1.13093842814963,-4.62106812328603,37.0954438059173
2.3286245181144,344.543896702731,1.88189093838474,-4.68887676196671,37.8334298930874
1.56476051754993,396.465105431662,-2.22002833083336,-3.33233054756727,37.233782381955
0.409983863847022,455.591385852084,0.850644740133393,-2.2624071234149,37.6047464558848
1.09914752298541,523.206658583818,1.10604566733309,-0.424512384323685,38.2984705972162
2.15818957402107,602.303403515808,-1.34746060457871,0.890926566345801,38.4736793264299
0.759527823000108,691.58137611474,-0.577662253630842,1.25493639060153,37.6982643223434
0.539449871889232,796.405459038716,3.39581704710784,0.133735694383986,35.8052259309343
0.140470746347459,915.480755203591,0.813182239741341,-1.33746047369254,33.1883758859573
1.56586923488394,1050.60393479864,-1.90504326942086,-3.21473841786991,28.2186604686199
1.87249220157977,1206.49986101432,-2.45786034297569,-4.21710708827085,24.6292904643146
0.957408067577833,1389.12744025911,-0.867842880689901,-3.94372496801463,23.4895796148112
1.41293245882481,1593.28742916932,3.14041106294733,-4.8739259375042,26.7961713531998
1.88284039748408,1832.10014951141,-1.31922014733799,-4.69780247351153,31.5741831880532
0.160614773994877,2103.07153764988,-0.624831576353892,-3.4969917316843,34.7601702098933
-0.254979908844335,2415.8535470563,0.506032875390178,-2.44091684664034,36.5243869381622
-0.268963254219376,2774.21725699425,0.375693797168913,-0.2977582501467,36.2434241855785
2.86230749999555,3187.30918240667,-3.86718779516477,0.955523172189483,33.2139408490706
2.78911972353519,3659.71387128603,3.18591802380329,0.139896853715457,29.5995056507192
3.5603413262831,4203.79078331889,-1.6378391925503,-0.135371040478099,27.7423913282774
3.42956997324016,4829.02373992932,2.00517283342291,-2.48176638888177,27.5457454121019
3.13842648116556,5544.83983418352,-1.33043701260177,-4.13339947809369,27.0081579443226
2.38029605732057,6368.61107078113,1.28676975791723,-2.29759835483525,25.6097670770643
0.282308859426735,7313.85899689263,-0.221421061882729,1.47725674261144,24.686061071376
1.93017761479288,8400.74304962727,0.864672312754177,3.33860892833458,25.3094044017054
2.51484496636414,9646.26011355868,-3.97253673550426,3.45430777358615,26.5748228464488
2.03514077645647,11077.0633848098,-0.770151447849023,1.86856419750506,27.0124573945978
1.09135137925481,12721.583917529,1.91503233876719,0.940486412648936,26.1555029122971
2.18848606125882,14608.2181965645,-0.343241746926882,-1.81967189329646,24.8343072833239
3.38950981729587,16775.4204168512,0.830570302044523,-3.96955670439344,24.0807469323063
3.39077779780297,19265.8969064817,2.2244076427633,-4.30964980292739,24.0951849625383
3.20867530653045,22123.2836124457,-1.89037538942559,-2.45567864915062,24.3784305127035
2.23023308094518,25406.8120957752,-1.29569151603249,-0.184768102985125,23.6186538851463
2.74194403276686,29174.9773133855,0.483119047149308,0.102712060259524,21.1979702296236
1.76489939718624,33503.4087797206,0.907618350000688,-1.05903195877814,20.0608322220528
1.34016148876621,38473.2768910122,-1.25842097360544,-0.65212086137212,21.7878288717327
2.30198872228624,44180.4051373646,0.291971828277855,1.98152307479615,25.8298638972159
2.44002788008296,50734.0935688897,0.597118994566364,3.32433559917313,29.1484246399227
2.40702641783941,58260.0806607735,-0.65432334845886,1.29767349623336,30.6325386059922
2.43306456188041,66903.0673849852,0.142458571837637,-1.63771913142829,29.9753348536564
3.51614801254112,76828.3918353173,-1.13200190147831,-3.19224609019069,29.3003500749203
2.63997005021136,88224.2961060566,0.581836826845743,-2.15237224519025,29.6720696917738
2.93463307418978,101310.971687979,0.376050353992707,-1.48866338505098,30.3788617646891
2.44392129789279,116338.218546909,0.886957493185469,-1.35355996537314,31.1956382563462
1.33075707511416,133595.019042859,0.256802017203889,-0.894052212495575,30.2351116105454
1.5154650944027,153411.793779573,-1.23955733993921,-2.1892003501631,28.9152777313378
1.92696878332305,176169.732206303,3.32672739925989,-1.13567197948597,28.488996239805
2.19928664828096,202300.699795048,-2.45674015190271,0.708819560937918,27.9576503822133
4.12118491517795,232308.505394601,0.267973813359464,2.52420512509893,27.8017329863267
5.29860782224223,266769.061675567,-0.142216552635501,3.26551572289057,27.9748399509137
3.97279032701669,306339.569230135,-0.650361786851175,2.35045903052283,27.4995617198531
2.91571144209136,351781.17221075,1.09063198300477,1.02934384948937,27.1139339454327
2.97338388564618,403960.696105807,-1.00350727398803,0.490635090378465,26.7703624715485
3.23411407573602,463881.6190681,1.06819952523794,-0.513473624562766,24.2368900986623
1.67478717338744,532690.02112425,-0.700962462067242,-2.53901088846005,19.9477450915899
0.458478532330308,611704.53940799,2.86719914171183,-4.19282896570901,14.6970023620172
0.762660126091133,702441.141833755,-1.98170419593123,-5.18804329068397,10.3358822349207
3.17848460961958,806637.273960946,-0.841072036777856,-4.85074468091029,6.73734401065316
2.39694130540925,926288.881046437,-0.320141370447943,-4.31905627224646,2.73483676834019
2.27961976806274,1063689.34071572,-0.201949457157464,-2.47491704018839,-0.225225926085701
4.98088695906134,1221468.08695105,1.72247404563379,-1.77018892467417,-1.52204783636604
5.03655959532189,1402651.16318255,-0.329041131159571,-3.15504905002457,-1.50114597167362
4.64153614629045,1610710.26053014,-1.2814763451609,-3.30944112161576,-1.04829620829656
4.48488280339157,1849629.20277478,-1.14327918173511,-1.66914977891968,-1.04118739935985
5.62073306059738,2123988.84439816,1.28770237143941,-0.250577535483082,-0.187606140364685
3.9249855723604,2439044.75340116,-0.723740138824062,2.84227130158864,2.09091139472605
2.97353630513851,2800832.79001829,1.02521086985147,6.1639050953066,5.03694375527195
2.02980785294516,3216284.5888935,-1.13041366105346,7.4179309437085,6.21539391391304
1.73442466154037,3693359.56788125,1.78961799698337,7.21724366906036,5.96699196572866
2.3951968172105,4241203.41880045,-0.273426938281866,7.29985358840999,6.078572153815
2.07580841166501,4870307.91693415,0.0777223144771544,6.1229127046432,6.86974688943392
1.27500921590023,5592727.82000138,-0.332722024419761,4.50945258709257,7.41292939394281
0.53346266818675,6422307.39474924,-1.0201446459661,3.10397265117737,8.26709382901447
0.824407386817788,7374937.64966473,-1.23848271938501,1.47421702236035,8.78879459467376
1.9089620822976,8468874.89594797,0.590761925920066,1.53142849223483,9.17100003898899
2.07582352959064,9725078.24996262,0.142884628260581,2.44529547124992,8.51332086667827
2.07283422465165,11167613.4035602,2.46234365604763,3.86719967659779,8.84641138975399
2.59828530476246,12824122.5268596,-1.69948186482164,2.5617858099764,10.0460783763115
2.31704943441376,14726345.2087447,-1.18891514101061,1.2487186895308,11.6616790650774
1.00651275048866,16910725.2802852,0.340661517451278,-0.695231442696657,12.7095276908942
2.45018110028152,19419120.3699602,-0.723124602630089,-0.67944301484983,13.8257340584491
3.52686369058943,22299587.9795494,2.55813769848141,-0.74938567631892,15.0940034130787
3.01525257231234,25607320.0653121,-2.05249370340341,-0.822516080139089,15.7748252687012
3.90732834320627,29405690.4938219,0.490727680893272,-0.873146705899074,14.4481360657335
3.81707801893352,33767481.3165521,1.52901607690937,-0.0525601565532366,10.6649198429373
2.11961615855973,38776261.7041291,-1.54898666571605,1.02482255356592,8.26583008231471
1.7534629184782,44528005.3976773,-1.33768764189999,3.0564911552383,7.72569238208406
2.23358635954601,51132910.2085973,1.77699605303449,4.53716427594556,8.52617486430466
2.7521109112632,58717531.5723827,-0.796484289563905,4.31449704642796,9.38117869396832
2.54760201075111,67427191.0403748,-1.39570564963194,3.45623211052027,9.19186133754492
2.64899625840437,77428765.5360644,0.418287276048987,4.37022535827853,7.92559805014325
0.872156298720126,88913887.8701671,1.31074107153587,3.2075948023671,8.08474839095519
1.59771347701901,102102618.17357,1.54430690444948,0.288548900923612,9.12079438330909
2.15063060312343,117247648.879814,1.45969683837168,-3.45218901739139,9.55343004251565
1.45003761282249,134639167.29059,-0.265567562642509,-5.51698190718108,7.49107035079022
0.577223309360324,154610394.96168,-0.104795957501701,-5.51653104693811,3.6208935619784
1.0416980081359,177543984.03036,-1.67416413763479,-4.05391864928836,-1.26070382706145
1.5590166056628,203879345.772275,1.52743227859025,-2.40558727586601,-6.81705199396537
1.62727275687277,234121069.709264,0.00270688057018476,-0.664427693056717,-12.8444759592501
1.25011917670811,268848594.491484,-1.76213425815558,-1.26468622730311,-19.0086772413115
1.32478076004101,308727305.385584,1.54183628093365,-4.57068222398509,-22.4789642009811
1.15326465360165,354521283.051666,1.03470729840544,-6.00759514227611,-21.3293930808119
1.24711347813598,407107951.287892,0.5024435078376,-7.29900169769029,-17.2176035671028
0.520734211809395,467494875.52575,-1.90106596878239,-5.56127203447167,-12.1040399667424
0.688406498601617,536839080.799667,-0.502892895888994,-2.53848478861357,-7.81559549501427
1.32933458963093,616469213.894342,1.47252771612742,1.07506743264642,-4.38916414243019
3.25622448504747,707911004.743657,-1.23792572946639,1.2955214714327,0.429917503259716
4.21386717251556,812916491.817568,0.436384968597935,0.153125212683167,5.13129218878422
3.80951522790027,933497595.874391,0.314466382080845,-0.814663434451632,9.16076995165118
3.88320389667794,1071964675.71979,1.83414920283883,-1.28887573529963,10.7634575373365
2.60489826765925,1230970777.90015,-0.851242947129632,-0.297592617059639,10.6395614272226
2.37812841289742,1413562493.60033,-0.0900187405863913,1.77591404556166,8.75139956364713
1.72118979446624,1623238307.5375,-0.29423899312893,3.95726625140257,7.66852303615896
-0.140553066294829,1864015644.91504,1.42476414903232,3.0641675058136,6.26036588519361
-1.04377972474103,2140507839.56394,-0.340868534957646,-0.0436985682942829,3.75018345642243
0.751678003271989,2458012530.47888,-0.207618230928424,-1.69823453147609,-1.19833234096143
2.46439475879299,2822613160.06759,0.450906984952603,-0.132169270266851,-5.82382932356598
2.10964312838656,3241295540.62683,-1.0246055125319,1.30111198766599,-8.22819409918373
1.83182554470671,3722081697.00674,-0.674485207884364,1.31746245136426,-7.58207759617448
2.64204555277926,4274183575.35405,1.25193035213901,-0.0946710973387104,-7.52567271077807
3.1335798980328,4908179538.76214,-0.458857215134234,-0.433234156461447,-10.733459154393
4.15998775169404,5636217059.98384,-1.01963441916147,1.22836352139496,-15.7237197060461
3.02652113288439,6472245465.40717,2.24258758642294,4.29500082806183,-20.2395483703909
2.04872624984655,7432283197.94662,-2.52356828516467,6.53843027649082,-21.6971393645606
2.09143559785716,8534724747.64695,-0.531586366275446,7.93143110844945,-21.3073270005967
-0.308136389530411,9800693079.01681,1.94815884525546,7.42634176283023,-20.9905355876018
-0.52456458948894,11254444363.3947,0.670570463203896,4.72929691400436,-22.6030611433876
1.60364840719941,12923832721.8442,2.49231993960226,2.48453638826021,-26.1615004594539
3.03033654032948,14840843923.0589,-0.334489675971924,1.41866811740192,-30.472963713524
4.70372251462622,17042208228.6694,-1.14418258382,-0.580056708099869,-33.7421563329655
4.09265790320538,19570104153.7363,-0.29153357957527,-1.86374477038641,-35.4592840781311
3.70523599933715,22472966615.5089,-0.710988159215347,-2.86848618369363,-35.6378864093925
2.96172249932259,25806414953.0123,1.23123826560285,-4.36078528500171,-34.041877268185
2.88971117852188,29634318610.9079,0.7716441368441,-5.72709801632361,-31.1155661941247
2.49891330415878,34030020872.6721,0.452545942315298,-5.49009718408789,-27.7799722318385
2.06235178907228,39077744144.8905,-2.38105889505945,-3.91527069061794,-24.5875109564442
2.07985872117715,44874203666.2787,-1.13796787867593,-1.93311064169556,-22.4395832944898
2.66305460157241,51530460593.1937,1.36343427491487,-0.275575103177172,-21.0156386737366
4.0439079518974,59174049940.712,2.85143289990917,-1.27862595353579,-20.1829568597237
2.34269577308306,67951424189.6094,-1.09665508519307,-3.57518958797186,-18.9618235974121
2.203298520764,78030759329.8069,-1.7764163354361,-3.93728495676027,-18.0555905889892
3.20792528257983,89605177140.5347,-0.0322025379062021,-4.14150976614137,-18.493410611296
2.08391525855686,102896445445.541,0.247039587334,-2.59453462884805,-19.6755159588985
2.78282204195991,118159227216.067,0.129876373605926,-1.95445109098417,-19.2774452031302
2.44945125884441,135685959952.865,-1.47932839649913,-2.76944262374521,-16.7651713817733
2.38010754339573,155812458851.471,0.398903761405497,-3.4836611665008,-12.2905189278469
2.56053949473228,178924351062.003,0.375849588918944,-2.20855018047808,-7.49119070116555
2.94724011905698,205464464390.609,0.0844877895197977,-0.0754034839899194,-2.45424954384697
0.871451423701218,235941311938.557,-0.501819602042711,0.122559188366144,1.06944785810111
1.50718064530863,270938835307.165,0.914762310197036,-0.943698524216735,2.24800433686455
2.13423104496487,311127593021.463,0.629912179939263,-2.47311188483986,0.851251256773938
1.69566015121945,357277608542.482,-0.436377116433232,-4.12391943748182,-2.34069968873087
2.60696778054968,410273124043.395,-0.859994119236103,-4.748957363389,-6.1072511297514
3.10335630300315,471129542651.941,0.733795819012731,-4.58723227352542,-8.56267557836599
4.94250563887523,541012883741.457,0.0301747428354611,-4.11858645677742,-8.64459417325106
4.20760713132177,621262124056.452,1.98055125239846,-2.38084721018072,-6.67783485296478
3.44422185120177,713414852742.468,-0.898575407392745,-2.31715258211193,-4.64072695429764
5.73556725136623,819236731817.093,-0.264494551952014,-0.402033645977631,-3.93832016767398
6.55568508594643,940755326551.783,-0.857346336782643,-0.905528377646806,-5.73963893663003
6.46261098926681,1080298953966.23,0.372348030874282,-1.04154606724119,-9.62243848671495
3.73471314257598,1240541293793.61,-0.382412864664667,-1.61731540447917,-14.5613792752275
2.71096410643388,1424552616623.07,-1.64073110168672,0.374462782129048,-19.2692900299979
1.55699101788202,1635858610816.12,2.54855593829425,2.72652227264613,-24.7524530141663
0.663638249471662,1878507935302.29,-0.739127564635443,4.56531503507299,-31.3062776580358
-0.41802970378724,2157149792568.08,0.336062841787618,3.9419782210499,-38.1604824215034
1.58415213304094,2477123008177.19,-1.23942262245501,2.46126072142982,-43.9221732349992
4.30335229392859,2844558323570.47,0.256096998595889,-1.60746635718305,-46.4291112566145
4.82931458573603,3266495862128.31,2.54122979710026,-4.8892830786317,-45.6385464986509
3.94381349155012,3751020019130.7,-3.4091997098185,-4.31921975901359,-45.2126665112258
3.01982340613297,4307414360157.56,1.54795510219841,-3.7213530509201,-45.355021065175
3.69781396731192,4946339495779.11,-0.621855800613012,-3.43083589157957,-45.262475792361
2.28987415821048,5680037340685.29,1.37095391907094,-4.1164367314233,-45.0929413593256
1.76085604446301,6522565670861.37,-0.916459659541379,-2.3719987313801,-45.1553529051235
1.79828179817582,7490067472963.38,-0.412241465719969,0.201273390487874,-45.2046187208213
2.71487422683229,8601080246716.75,2.33139447154979,0.235106031586806,-45.6473098797254
2.18802952613962,9876891186559.45,-2.26336477798976,-1.19702160802519,-47.2983216520689
1.65476179423941,11341945047935.6,-0.493862759359132,-1.49268323721648,-50.536704760438
3.05031893265203,13024312512974.6,1.95188810631256,1.10984239083996,-52.3578431698491
2.62918122413279,14956228029554.5,0.529017570848899,2.45437749313775,-52.2319338124174
4.14683865294376,17174707428834.2,-0.075217227144697,1.83861765853859,-51.4040947183584
4.37944789927617,19722257154889.8,-0.515858199011666,0.703967561788386,-50.7277456105306
4.96206553882545,22647688695445.5,1.1320653196546,-1.18145307191213,-50.2253073799577
5.45324489282968,26007053818314,-1.46354259486116,-3.50522635445098,-51.1242609813413
3.89688999305982,29864718532831,0.146119461570166,-4.53747199133082,-53.7279466163251
1.73500675560539,34294596353591,-1.19524386027641,-3.87590502786797,-58.0020890608149
1.53764795133035,39381564496005.2,-0.28607657113902,-1.25526560478612,-62.1362515070444
1.48326692402811,45223090138241,1.26657523139291,0.176432071619213,-63.7775916507808
3.07005757605971,51931097908995.5,0.966375911466277,-0.816634875842475,-63.5435709963003
3.47509359911218,59634114382495.5,0.80439425389252,-1.8325750585089,-61.2487481391696
3.0105406888837,68479730669595.4,1.13105925243167,-3.29081210295744,-56.537795487686
2.35026209396783,78637430288674.9,-2.33793050063217,-3.27901584068291,-50.5018315961901
0.52774569598987,90301836498779.5,-2.50174340625821,-3.00501837924069,-45.9186719256669
2.02781020468365,103696441314495,-0.0949156659146812,-3.10652022248856,-43.7509083001807
3.20001205660606,119077887651108,1.2484057220491,-4.40630830908797,-44.4216202157399
1.76583483333495,136740886646686,0.533170246732106,-4.23834073150989,-46.4067091921988
0.302777624007943,157023864377794,-0.918438351339304,-2.34634932352769,-50.1728943227976
0.705116341235567,180315446160911,0.465805691578875,-0.494472611294172,-54.1098588836472
-0.713313079423818,207061902679846,-0.12400242375916,0.956358771544919,-56.1933698963666
-1.96916589975299,237775700608241,0.853071937377631,0.822464626349562,-55.9883576974378
0.0633248753116973,273045321558533,-0.550831741223038,0.736821126446507,-55.0454200690751
3.11682774012484,313546537490124,0.410641871593533,1.03649098796785,-54.7109980958404
3.92294699660049,360055358615512,0.18267221117697,0.962848388275686,-54.418906317433
4.0973970708042,413462901888461,-0.912580406886679,-0.73102625467528,-54.9742207077093
1.88052437154606,474792464956976,0.180516290634765,-2.18325519177809,-57.470001791538
1.34440947627359,545219132720965,0.326486320593885,-3.32917437704078,-61.5838634302006
0.818793300489987,626092292159563,-0.275262272145545,-3.16848375470164,-65.2189727072685
0.895796486568009,718961486816038,2.2086497910938,-0.310754099616637,-66.8738024199479
0.763233018983335,825606106316656,-1.05127456683378,1.64674100986853,-66.7398492124966
1.92885557333232,948069479779739,1.27107942661778,0.0688015414258849,-65.5044790273605
2.51245012679155,1088698026350454,-2.41431617415006,-3.17269397842774,-64.269375085626
2.89280453054043,1250186212992260,-0.0216582974294695,-5.10205596820105,-64.0587238148952
0.547736688923391,1435628180933991,2.02048209432735,-4.12787383790616,-65.2740018600253
-0.137132882262528,1648577029944097,-0.121655612702862,-1.84141489843569,-66.0705009239962
1.09573945924837,1893112896328874,-1.03716138824696,-0.416094724782015,-65.5040943829899
0.672677640813677,2173921129040740,0.325130295923248,-1.6542036657629,-64.9546420588896
2.00006255540018,2496382061764146,-0.167793858704835,-2.08310690221955,-66.1719894913574
3.83106931166868,2866674101027614,-0.963415087789541,-1.78189496622207,-69.1204047920668
3.34849651800284,3291892105527751,0.202191150075313,-2.14936888710836,-72.0383336115177
2.80899514907788,3780183324833248,-0.0895529444648776,-2.24328373265158,-74.1633363389097
3.05210551830213,4340903502077699,0.640535658046624,-3.23724813884812,-75.0896035320336
2.90090836984813,4984796131595459,0.76168059046199,-1.98285969900827,-76.7361571938193
3.03480431712638,5724198306107450,-1.31900101826041,-1.65466046802157,-78.7303438547964
3.55087653729626,6573277097524142,-0.92016886817842,-0.440221429053903,-80.7170589235326
3.200203971592,7548301000462294,1.62403942811037,-2.22035338235165,-81.4195359640168
3.11086003508056,8667951639379495,-0.52484786969362,-3.76522464441111,-82.3456837850198
3.07937363598004,9953681711688516,-0.819513362601556,-3.71898109262358,-82.4799530732224
1.33005017613497,11430126025102612,0.0283703260602776,-3.23232546619704,-81.8860172667731
2.13802303140525,13125573504757498,1.58385766982778,-3.56955075069608,-80.8045170181189
3.20239579260462,15072509213847044,-1.9474335679338,-2.80680291688689,-79.9422689908131
4.17601996719929,17308236772980636,-0.503619476149863,-2.17723866302831,-80.1224368279785
2.79541828009311,19875593103923328,2.07064026845622,-2.83822753196014,-80.3939562799182
1.78668378406188,22823769192330920,-1.16209650133468,-3.98553994856751,-79.5808794767142
2.16616695309504,26209252595434072,0.0478844941636287,-5.65936782029364,-76.8753199301733
2.47601262381937,30096909753279628,1.74711296708286,-6.57292046457649,-72.0266958157036
3.27476127445531,34561228840797336,1.94559007944934,-6.62444134305812,-68.3230314498247
4.0197401643996,39687746973949728,-2.69767418540799,-5.37622333050199,-65.9845105170458
3.17982077197793,45574689115478720,-1.61175813061346,-1.46523229909968,-66.2616206281902
1.75290008221387,52334850081962864,2.70960450156413,1.28274185488331,-68.363830204674
3.3494023059215,60097755711761784,0.75390179401478,1.54510625256652,-71.46732427875
4.54862385219627,69012144602194576,-0.360840811195059,1.91755505492372,-73.7501322226812
3.18418115875501,79248817966460384,-0.940021622677801,2.84064207779827,-76.191979774548
2.86732543884168,91003912214046144,1.61504381477525,3.680285533114,-76.8335864808959
2.2472134346171,104502656957821072,-1.99625178206625,3.38586935094854,-75.5383511611375
3.14072443191507,120003690451875328,1.11634827336167,2.44381358306637,-73.4354474594354
2.30414876029568,137804015144628704,-0.555714287351349,0.738713571992858,-72.3594504683584
1.91272351637856,158244688296453120,-1.29016743871208,-1.39233749820586,-72.6187927594855
3.24233175674596,181717356695013984,-1.71691465451136,-4.05714162521609,-73.2433758452572
2.99826416345785,208671760674592448,0.155878433673694,-4.0672729578904,-72.1370745093527
4.13412038899757,239624351217679552,0.197364065144491,-3.40773433309643,-69.9576136066881
3.07415802773963,275168185243980608,1.22887468444029,-1.75861203751471,-70.3826248410541
1.64487393245594,315984288682256320,0.269551231214209,-1.84744959407473,-72.4047963812198
3.33289957816105,362854705043397312,-2.0916723227213,-0.027246655959569,-74.7746075799466
4.10115180362653,416677479507620416,-0.446198887676941,1.79476337484265,-74.6052774478108
5.00957755986704,478483865623455232,1.43709555724393,1.13630694209721,-70.7213531921271
4.52697583816576,549458084301812352,1.46387811603018,-0.275348587450126,-64.8462197215745
4.3367115885387,630960013690832000,-2.40784364571629,-0.295033374971397,-59.7447596988861
4.08554738052943,724551244673390592,-0.12511182429891,-1.02577588494658,-56.7449463341207
5.55243809234534,832025001215045248,-1.23389713122,-2.10127195866676,-54.9086387843503
5.6073629250476,955440498841392384,1.61446726940345,-3.32737125862092,-51.9320031034995
3.85118749650724,1097162399559132160,-0.235448288089822,-4.67257301449887,-48.9009418043523
3.67655597293429,1259906119183862784,-0.636976350522312,-5.13382085979912,-48.2456802941687
4.02195724359168,1446789855170743296,1.10630932491528,-2.24059520662763,-51.194951278191
3.35033344688135,1661394331810139904,2.02927130694321,0.630341681705818,-56.2683953033745
4.42084587153683,1907831407516409344,-1.62160541015279,-0.306738935322949,-61.2007620249304
2.92513114379318,2190822858737183744,1.18376896993409,-2.73265640256709,-64.6843508214725
2.35750650772355,2515790849996311040,-0.724867585035964,-4.71346540173228,-66.0873144077991
1.02181912772558,2888961823491922432,2.74747348927769,-4.13239825005195,-67.1489522770514
1.4463762399441,3317485798792062464,-1.33529290523686,-2.78300583684218,-67.3785432782905
1.95227837069296,3809573368430418944,-0.565913029931818,-1.0704134668425,-68.0401699573347
2.90683761676214,4374653014261160448,-3.18406728804726,-1.76126874087338,-68.5644470019284
2.9445434777955,5023551758781095936,0.935429336273475,-2.25722132612746,-69.6956825150775
3.82075257265478,5768702612729341952,2.32520744802377,-2.56757380908898,-69.9853011239266
3.48313569805158,6624382793695912960,0.679681866616115,-0.242522685597852,-68.4889433405416
3.49446989559205,7606987280048467968,-2.71952071202049,2.34124106263085,-65.9845986296814
3.58231583964727,8735342941517139968,0.34231703517984,2.30386581370216,-63.4083482033946
3.66275955203113,10031069265233100800,-0.396918957881826,0.864862638485344,-61.4735081051258
3.62288543534727,11518992588793335808,0.166452101778594,0.542994636495856,-57.3749053212501
2.2356044304202,13227621777127909376,0.334387343615365,0.236290968178701,-50.2564847360237
2.62658466064379,15189694457219661824,0.218441522730626,-0.224571100192119,-43.5839644661054
2.0941849090356,17442804276626894848,-1.95167085177172,-0.581640088398768,-40.3028239667712
2.59238025554182,20030121204189380608,0.955390719465911,-0.596170488654827,-40.0577646884618
2.82472225728027,23001218674002264064,1.20277551816294,-0.840050044157909,-41.829750961056
3.01191415147368,26413023420877565952,-1.8944928783845,-1.90725234811719,-44.7493342823607
1.258843576449,3.0330906206303e+19,0.210288924060901,-2.35083004367703,-46.9880117018091
2.92030735954935,34829934333393399808,0.408594640331434,-3.08582912674539,-46.807355637018
0.713211734422905,39996309949235904512,-1.0927073337793,-3.09094144153695,-44.2029208609645
2.17917086890117,45929021692746088448,2.06722499316823,-4.68175004549663,-39.4144650209003
2.36431480481723,52741741333891235840,-2.02747108224216,-5.36497854286746,-33.3102758750048
3.3955089062211,60565001744211427328,1.9450785663005,-3.66232219941695,-27.2556086297908
2.61017559881864,69548697928925642752,-1.47748926195937,-1.74281935975938,-22.1070292844368
1.78759522669892,79864959040825098240,0.78180931391828,-0.727786549969577,-18.8364311286284
3.34091265562842,91711446404230332416,0.951913188397142,-0.475792742635424,-17.5505300155842
3.70164037192968,1.05315140739714e+20,-0.58540225112889,0.588492262611264,-16.6023425116989
2.69454437832893,1.20936691153464e+20,-1.41315472295662,0.797490146908861,-14.4017149106732
3.21154256013855,1.38875409218657e+20,-0.148137355723855,0.213588171723927,-12.0908743383615
1.63597885378428,1.59475003836311e+20,-0.626059302704031,-0.715337714295848,-10.0027394006927
1.11137967279834,1.83130166756511e+20,-1.36747013457179,-0.861457115527937,-8.37025399458916
3.5576283200556,2.10294134939733e+20,1.19508692005164,-2.56252976414502,-7.98543888098652
3.86633178934296,2.41487374654391e+20,-0.059729392925587,-1.46226362489121,-7.00687930138423
3.66214726376431,2.77307553699406e+20,-0.607422145966191,1.02391886191942,-6.06722892549911
3.13209297664399,3.18440992821281e+20,-0.864525908135536,1.32570522453484,-4.87554313794228
1.01771138198769,3.65675815736788e+20,0.835386655266908,0.025799023161464,-4.98335770382972
1.14648282525104,4.19917049717943e+20,1.44706240791955,-0.264567530479562,-7.60083328986373
2.66337275634081,4.82203966069069e+20,0.0101585687172815,0.601927700890437,-11.202863422622
2.69056107326072,5.53729992742432e+20,1.37547809406448,1.89634092155427,-11.0703401732008
5.32226772930784,6.35865580621574e+20,-1.16377546268985,2.35148366687626,-7.99497302528133
3.95235659628907,7.30184461594232e+20,-3.19677013446613,0.281425834583283,-3.96135384801984
4.41904930903181,8.38493801524015e+20,1.59555689793418,-2.58084032978802,-1.09372120419747
4.96010618837694,9.62868825856905e+20,1.424363295401,-2.66221816480311,1.529564155269
3.63827899050663,1.10569258129513e+21,-0.268767915847814,-0.707216723920468,4.61088215109643
2.00487247371439,1.26970159537887e+21,1.62890436258643,1.6383494195913,7.77490222376398
2.97805429582588,1.45803830882115e+21,1.1535270287883,3.85002625318076,10.6001660347106
2.90834071461627,1.67431128520846e+21,-1.14108150730628,3.60197670096902,12.1048080965247
2.74806532975096,1.92266435169523e+21,-0.930105013565529,2.10373139697864,13.168593674599
2.93644559497252,2.20785599543957e+21,-1.22863740118936,0.972507821783031,14.0873727130195
4.36737746115776,2.53535053702975e+21,1.46659397924855,0.493865965394451,16.3617550398923
5.99551840152105,2.91142282779962e+21,-1.70080749955267,1.85834041028266,19.5875399626726
4.586417493653,3.3432784770516e+21,-0.86838385418021,3.66834213776926,22.2525443593911
3.84418424188338,3.83919191276113e+21,0.745298269080483,3.69513728329267,22.5620415773079
2.62768593387815,4.40866492102954e+21,-0.307948581326466,1.78978809926024,21.4765342704606
2.56482681790209,5.06260870192808e+21,0.479598487217043,2.02449106129252,18.7937500847476
1.20903021800674,5.81355292995428e+21,0.575629954066601,1.19009981830765,14.4709876163771
2.04657486487833,6.67588582473466e+21,-0.737928845187459,0.611357038485725,11.1916290358174
3.60671654304871,7.66612983176944e+21,0.317436610390854,0.393008798497779,10.877189769472
4.74203164623934,8.80325819530942e+21,-1.1766781343602,-0.226594746290251,11.1142677847316
4.31287176742521,1.01090584889553e+22,0.87615132135689,-0.830818215350517,11.6383756080682
3.55411819946504,1.1608550069288e+22,1.0935722902977,-0.708819525725063,12.8793195328524
3.57735598738361,1.33304634510125e+22,-0.276309584215637,-0.977580556690728,14.6632011271519
2.92341184285824,1.53077907885252e+22,1.47830160843281,-2.21300532150621,14.1106747768916
2.83266698774065,1.75784180112252e+22,-1.17379920612212,-2.32465819245234,11.197445892404
3.0221271522657,2.01858507243903e+22,1.58470731592994,-1.03578387239272,8.2777118813408
3.57015434859821,2.31800477840023e+22,-1.31866605439404,1.75630769259286,6.29305166061461
3.47720732069897,2.6618378516958e+22,-1.60909613274576,3.94892366186987,5.64172166949639
3.15684883499225,3.05667219271673e+22,1.29066509403836,3.40810932292401,5.5941640450409
3.32622750519332,3.5100728948517e+22,-2.19925870782504,2.63075320326764,5.16954949454425
2.48132332885589,4.03072719296805e+22,1.71939364353445,2.88437111385009,4.86387372979517
3.77948095694511,4.62861091231512e+22,2.08568544057173,3.56161379699498,3.27182557984434
4.47305880229098,5.31517960703932e+22,-0.0525131689843206,3.16743050359468,3.1665325203577
3.39116607362137,6.1035880505575e+22,-2.46269629615922,1.91000999931466,4.96609399756385
2.83041356161736,7.00894228326173e+22,0.957041620943485,1.37027818271042,8.8469000452421
3.14810814471754,8.04858904683239e+22,0.353780714262886,1.49361484338065,13.0353486637555
3.33069508658707,9.2424481507706e+22,0.0259281198819237,2.0498425845875,16.8988782077937
3.13935476649783,1.06133941393494e+23,0.49666451393303,1.96426548826483,18.2592378792633
3.70306525714246,1.21876945717878e+23,-0.0124111981945142,0.214324486200528,19.0949360911972
3.74936499095069,1.399551331317e+23,0.678065825134257,-1.28380825175479,20.7001056438458
1.97748771017976,1.60714884792511e+23,-0.617405314014035,-0.999210727721056,22.196434800598
2.86217704995504,1.84553961086689e+23,-0.757180339758225,0.873998903395523,23.9993105137245
4.21001707390156,2.11929122786356e+23,-0.315386427494926,0.853123221215795,25.6739591758287
2.71022557049192,2.4336488266376e+23,1.33233647580354,0.405839292648119,26.9247838328602
2.28757529382558,2.7946355524555e+23,-1.79228587913887,0.181057539439891,28.5404211457875
1.66249500739206,3.20916797261944e+23,-0.712867771597792,-0.553830368451498,28.4201547426796
1.78530771376002,3.68518859907776e+23,-1.51332269132747,0.0853288232247997,25.9647096614103
0.796293615249237,4.23181806830998e+23,1.28475832121965,0.969350613658365,21.76012014858
1.53761636848784,4.85952989427909e+23,1.18290534358608,1.76638465733637,17.4655704836441
1.70249110292254,5.58035114274727e+23,1.05888592463553,-0.672648323074119,14.2223321106749
3.71961215171748,6.40809287190945e+23,-1.97734506037224,-1.58571892228914,13.1315035722128
4.10424942647377,7.35861475462647e+23,0.899595612352476,-2.65313976474042,15.5128869933156
5.07816278549664,8.45012895246496e+23,-0.682244095331917,-2.85251254020937,18.5497460965979
3.70120969678512,9.70354906382255e+23,-0.924831001911375,-2.92110939732127,21.2368095033491
2.49861685375114,1.1142890832044e+24,-0.97016005957517,-4.20547966427056,21.9363149745239
2.84017967014754,1.27957322911642e+24,2.39966441925658,-4.33623983288737,21.8832095791861
2.98794280842779,1.4693742165749e+24,-0.711715561323515,-4.99570910765193,20.5914932869364
3.6046551804376,1.68732866490649e+24,0.29112094368661,-3.81238779425,20.0403525909222
4.25241162183966,1.93761261855515e+24,1.40053747468103,-1.52268404350988,20.9641794408777
2.98141349318861,2.22502156080672e+24,-1.17048625983168,0.749512969401729,22.8984373998986
3.28705898094654,2.55506229606744e+24,0.0683803899909888,-0.250873834780734,24.0954137626004
3.70329160289831,2.93405846117664e+24,0.488363383364108,-0.895495203298449,22.8529627883002
1.71626575268451,3.36927168736828e+24,1.07074204719101,-0.237348896216491,21.4856197434526
0.456462919768371,3.86904073436528e+24,0.595627780627946,0.51257861100682,19.6537364184479
0.98908137096686,4.44294126243954e+24,-0.894158972490631,-1.12720199160177,17.9318791094812
2.43597347256962,5.10196930369774e+24,-0.125694916310747,0.205131066151708,16.838273823748
2.59525356965667,5.85875194793401e+24,0.569842795963832,1.79355019431363,18.982780984877
0.556989490986231,6.72778927982631e+24,-1.73468809919515,2.00135185675521,22.957829640365
0.690356163366598,7.72573220303465e+24,0.206821788730742,0.640915594193286,26.8888746976115
0.539628176564169,8.87170147435824e+24,1.96020097307491,-0.281705578350254,30.1079712378474
1.98169202899125,1.01876540607005e+25,1.2310437162339,-0.713530507222639,32.46689586512
2.1508540578148,1.16988038383037e+25,-2.84374454769667,0.483350683354375,34.0491154218213
0.90176439685718,1.34341046949231e+25,-0.505385175172046,2.57647290147507,36.2032526791755
0.804741127777995,1.542680529126e+25,0.361726178860823,3.81746103205377,37.5636155774318
2.92176949538866,1.77150861109772e+25,-0.682197977168295,2.88162266004654,37.5041031107848
1.85017050354189,2.03427910052857e+25,0.48718357307703,0.162105388890375,37.1452699608675
1.61365992665244,2.33602672486195e+25,-1.34140682785267,-3.19362166351693,38.1788704085189
3.60475969104302,2.68253302010099e+25,1.31156124052636,-4.95112873720611,40.5195838387962
1.69535917046595,3.08043710602557e+25,-0.398559461849632,-5.33789201979782,44.0812151770237
1.86667504420315,3.53736289286085e+25,2.18098659401105,-3.87202097442351,46.9237788943831
2.6161570818552,4.06206515669891e+25,0.164522422834826,-2.49735099829911,50.1401551972127
2.99386536512767,4.66459728250347e+25,-0.566233364252922,-3.08258676713746,54.8313321582729
2.47197175549858,5.35650388868234e+25,-1.30899001092012,-4.1859563069632,60.9668018122175
0.632013296583503,6.15104202394726e+25,0.137773680207621,-4.44424745700503,65.9123179300538
0.777033712979382,7.06343517463074e+25,0.49849197447844,-4.04680071565775,68.9415652962428
0.54852133935583,8.1111649492835e+25,0.0760085213273194,-3.83523878538767,71.6904118083869
0.716999692883195,9.3143060292791e+25,-1.50688528087205,-3.96642179417598,75.1522314314714
2.04762296712963,1.06959108031367e+26,1.63637377542114,-2.71357469244527,80.7607999963843
2.20441931852821,1.2282451054221e+26,-0.554239999550175,0.609589718956054,86.396097165197
2.60576444956851,1.41043251646315e+26,-1.40078646733163,2.62966551021583,90.1111408074997
3.35511246352431,1.61964405533936e+26,0.285703604833628,2.62544090555345,91.3540168016381
2.32473062985988,1.85988825085674e+26,0.77493501423642,-0.662181349195804,91.5271371016159
3.08856956841107,2.13576822282114e+26,0.420582048566991,-1.92604652214241,90.8068407639998
2.82081787370029,2.45256987859961e+26,0.0658350408040944,-2.06970173934068,90.8647907734871
2.35662414630572,2.81636319200814e+26,-0.743263027089355,-1.43265097876419,93.4411853591967
2.48632528844839,3.23411850504636e+26,-0.455495881415394,-1.96039364354402,97.1065339784484
4.38994691558114,3.71384008084034e+26,2.01872878982369,-2.940738718248,100.413758222333
4.32626525591055,4.26471946669082e+26,0.148431547674533,-1.0400866106259,102.844152800711
3.51467180712765,4.89731160568879e+26,-1.61644752667618,0.111519524318559,103.197857299877
3.53422818324206,5.62373707122736e+26,2.48791372226839,-0.318332546507201,102.530507763077
3.89564516685634,6.4579142992574e+26,-2.40946269705141,-1.7019658709505,102.118149912475
4.07858408907611,7.41582626789687e+26,0.790016916912176,-3.65382008881966,101.126811364092
4.45263905927239,8.51582673402045e+26,-1.3609460735702,-4.95518091032723,100.653219054226
4.27863849212628,9.77899189437511e+26,2.0796844655536,-3.42794395747261,100.838760433729
3.70766891275167,1.12295242091083e+27,-1.19066943556982,-0.0842152671847497,101.397162620533
3.54512237938995,1.28952161250367e+27,0.712194180437225,2.50166268448646,102.289855325944
3.55219222692838,1.48079825836726e+27,1.71313453015045,2.86065252046259,104.512651649448
3.26213185681372,1.70044725169528e+27,-1.32699119618182,1.22092796922198,108.090850085166
4.02506146472985,1.95267710470313e+27,0.270993475079328,0.800446965216027,111.948705742347
4.40419501860978,2.24232058444061e+27,1.55007684690399,0.446634982463906,115.018865103794
2.75180412097963,2.57492730943374e+27,-2.37207434919367,0.922769426194557,118.422425607325
2.30583522431494,2.95687008132324e+27,0.415392469616307,-0.938596882569323,120.398989982818
2.83922452554053,3.39546698883209e+27,-0.434425817625382,-1.1600691139307,121.675581973927
2.0514954392307,3.89912162359497e+27,0.606584483433981,-1.61946119989439,121.590582728063
2.07316903916373,4.47748409440881e+27,-1.44348039343043,-0.531441026245109,120.286335822786
3.41768305559421,5.14163592496503e+27,2.63662810040056,-0.0640222922163779,117.468954392641
3.52506166710964,5.90430237773555e+27,-0.974306661614556,0.200805695702357,114.864648028846
2.1209589435354,6.78009627217445e+27,0.563507048667498,-0.679710557381719,112.818859479866
4.80844399146413,7.78579796883379e+27,-2.03808908558862,-3.19338136129339,112.501848150799
5.57113382688345,8.94067688393681e+27,0.522718128379819,-3.66614008449604,112.342371356415
4.2129216782352,1.0266860694683e+28,0.785492799145171,-2.38149988450458,111.986821525488
3.52720588152673,1.17897593093211e+28,-0.149072114143829,0.162010813449001,108.536439370655
2.95805382834516,1.35385517253301e+28,-1.20577899968602,2.88566423346735,104.111301002472
4.73393723489964,1.55467451039925e+28,2.01988237831965,4.14133844500896,99.9464467899208
5.68890856554037,1.7852816773326e+28,1.05713570117262,3.96378229382933,97.4654361339464
5.2744484452846,2.05009514602578e+28,-1.98035184087475,2.92018578904851,96.6490757598014
5.08479467353111,2.35418878775367e+28,0.29996812707127,2.81211319535016,96.9482568828278
5.55023784976605,2.70338908861325e+28,-2.25159389499802,1.8514438477633,95.7071186955011
4.58711115094617,3.10438678599206e+28,2.1600852317405,0.813821996999741,92.8567401774953
2.9981790275249,3.56486506423895e+28,0.86952771857425,-1.23794426262244,90.4409182245059
2.91841928607468,4.09364676578798e+28,0.898187094231577,-3.93190117810759,89.3263732454425
2.28210154951104,4.70086343832597e+28,-1.99130919490675,-5.48278515047988,89.1179204359123
1.62299549823213,5.39814945697597e+28,0.794936362798552,-5.19233916123184,89.0823903999634
0.91149564387813,6.19886494091116e+28,0.900719744626664,-3.18835364289167,90.6670588792428
1.97708466689513,7.11835173551932e+28,0.350298702744966,-0.444173075910551,91.1944325036427
2.85898537327357,8.17422736477992e+28,-3.18882017676935,1.56284817918532,93.0412752264668
2.85872272509816,9.38672258603166e+28,1.97423503339411,2.29208703401886,95.2233992827543
2.54974257863671,1.07790690147373e+29,-0.757099633667552,1.91085161568238,96.7222847183931
0.628457630395245,1.23779442462025e+29,-0.681217933034518,1.50834814082646,98.8307009427303
2.44908616407546,1.42139830028569e+29,-0.62579546415003,1.64047718737873,102.035987577131
2.55077714334901,1.63223641007665e+29,1.91726403855904,2.2121688406627,106.841223925638
4.19292077468614,1.8743484481756e+29,-0.768685876896925,0.20521075583992,110.592671402302
3.94977809351944,2.15237332257114e+29,-0.938020732972189,0.961273636275038,112.963098216629
3.3511251810002,2.47163803732715e+29,0.518331811423618,2.0850013876044,114.275975645969
3.13046057518118,2.83825975889018e+29,-0.757687214135812,1.5032120445365,114.341822552805
4.11315848551651,3.25926302204301e+29,0.335318433011695,0.54628206935729,114.150071730594
3.76039294516946,3.74271432119048e+29,1.68249308058834,0.365536404959165,113.041926369106
3.25913456426797,4.29787666576958e+29,0.275591233259547,0.167664596769915,113.787694134212
2.02173983334009,4.93538706109186e+29,-1.15254236123669,-0.339903939138734,113.546882537479
3.55130902294288,5.66746031518132e+29,-1.34078742998742,-0.535945902031747,112.881453576526
2.09159453180725,6.5081230765818e+29,0.455955694510032,0.852882934189826,112.147605540855
3.07933029025761,7.47348258733797e+29,-0.453440237982441,2.90727395459343,112.022658331083
5.32857776592355,8.5820353005031e+29,-0.866766319774665,4.60545902731953,110.217964726881
3.96356232118968,9.85502127533766e+29,-1.07199491546946,4.48961426531036,107.597422358119
3.44123030368986,1.13168311404714e+30,1.47861950110699,4.46427432714412,105.257994869555
2.71653623779213,1.29954734225122e+30,-1.70676977651112,3.04224050782768,104.09843387692
4.62493339205277,1.49231111941983e+30,1.26615203705871,0.127334874683378,104.123045968119
4.83572351204772,1.71366783243635e+30,0.846773098341225,-2.55401050699264,102.859310684923
5.18747863675496,1.96785871371701e+30,0.113409093704081,-5.62625259657064,100.286156903147
5.17730261944291,2.25975410394815e+30,-0.00906574021410611,-7.93690813571143,94.6818954194567
5.77202160927967,2.59494676864532e+30,-1.74823692069115,-9.13182218458451,88.1590597877971
4.70382019984973,2.97985905649552e+30,0.0271767407442942,-6.95801843677834,79.8089587931339
3.56179142702727,3.42186595265454e+30,1.51419375546683,-5.62097092200877,71.027469505344
2.36351897029388,3.92943638472184e+30,0.224077765135071,-3.00434276847902,64.8726750790146
1.39304436927099,4.51229548883929e+30,-1.21580450793549,-1.67882322600893,62.083617503296
1.96440366071556,5.18161094496017e+30,2.00971845904438,-1.95667391961506,61.2187773142639
1.85238967180277,5.95020695150385e+30,-1.82747666749349,-2.98670009588386,61.2866086529966
2.19895851945832,6.83280993918715e+30,1.0074964616752,-5.14210148544907,62.2816757037081
3.19463700025139,7.84633073195126e+30,-1.65386060374887,-5.88585765809385,64.1731512944049
3.53934957790233,9.01018856123587e+30,-1.28803421017518,-7.02102441861262,66.18147895632
1.48853673474077,1.03466831417692e+31,1.14226521981592,-6.10823904946702,67.6656847379055
1.47749918269223,1.18814219379097e+31,-0.88062510773062,-3.91651536522861,69.8751557012947
1.22312255555876,1.36438108070354e+31,3.61292701702807,-1.25323691987499,72.6906565691074
1.64575398927672,1.56676174207922e+31,-2.18759857332155,0.783213059220417,75.6137028621378
1.10717436527403,1.7991618259448e+31,-2.22477628314028,1.89842641827546,78.2517871281949
2.99841213293039,2.06603415758753e+31,-1.1567616822054,2.25164699871121,80.513318617073
2.05960800048653,2.37249205644794e+31,0.487803797779456,3.10763634440827,80.7784215621841
2.53955188957487,2.72440730819336e+31,1.88410815801823,3.14772877217349,80.6486134690915
-0.00162282931820756,3.12852266913387e+31,0.900259466513535,3.09946276221032,80.9903230131265
1.18673616696764,3.59258105858444e+31,-0.0924667918597949,0.962192301545841,82.1733518123149
3.31062163952806,4.1254739145211e+31,0.824892013005969,-1.07505204206207,84.0969129832927
3.04654884656808,4.73741155505066e+31,0.880645790330633,-1.69735014642396,85.0487190207162
1.56752103634057,5.44011880984897e+31,-3.29960347311949,-0.501489709696524,84.4932641533447
2.31146891902483,6.24705966989943e+31,0.541917668150326,0.723670324798934,79.8390329956567
4.55174952725618,7.17369525985913e+31,0.727290628403767,1.69123069966151,74.6015358377808
5.19958450111265,8.23778007584708e+31,0.65758257313341,1.69366638593966,70.5985151617468
4.41379751373622,9.45970216462132e+31,-2.24941168698346,1.88743724353485,68.3859873153969
3.69898682709389,1.08628737620359e+32,-0.676953649273248,2.2388857993779,65.4666112267809
5.13374246036363,1.24741798754772e+32,1.88409371771351,0.559058915511332,63.6483455892336
4.44656814934367,1.43244934051961e+32,0.282224868112222,-1.82496887672969,64.1518157456039
5.09418312726391,1.64492666743478e+32,0.283292445746023,-3.99595350077961,65.8959787499898
5.07374277978116,1.88892107015567e+32,-0.0322822236500839,-3.63011162800468,67.0411078973204
4.54570929251981,2.16910752309845e+32,-0.360467943639781,-2.98487263735731,66.2474350585619
3.75556919459854,2.49085444654103e+32,1.42115670351651,-2.82480637798719,65.5291679597641
3.64176012260359,2.8603265664722e+32,-1.16159452194393,-1.2116589098631,65.8170836346079
2.18860620548967,3.28460303179417e+32,-0.391818059800892,-0.30203324396093,64.4523704010585
1.67959154076789,3.77181305202422e+32,2.35622964666379,-1.51729870511814,61.930186205203
1.1242703559405,4.33129165433705e+32,-1.24109518248602,-2.94101537336965,60.0910356890711
1.3398234353127,4.97375854427933e+32,-0.136532375471726,-3.63603866504751,61.3239477451135
0.93201853749146,5.71152349715828e+32,-0.869930455230652,-2.47110244059883,63.2874055731441
1.4677960138114,6.55872221543836e+32,0.888205224019688,-0.71836211038656,63.9516133889485
3.12880012830325,7.531587171214e+32,0.714721903086164,0.83813567497384,63.5160436565273
3.1608345623572,8.64875862314654e+32,-0.676654427119349,0.760254919558726,62.2981633781105
1.53907983951512,9.93164176700283e+32,-1.00245018324489,1.17541937561386,60.9172261176251
1.38416865539452,1.14048168628609e+33,0.53165667888259,0.375277097388306,60.1208217356406
3.23333044454647,1.30965101970898e+33,-2.21560236901484,0.857715740981112,60.3334298410603
4.14051994557638,1.50391349028162e+33,1.18571783217101,2.03273386916738,60.2158952687772
4.32388522458355,1.72699120010889e+33,-1.19932082274198,3.06327208673217,59.1660082140582
3.81956316398298,1.98315835619976e+33,1.65753676531574,0.521405715910156,58.1437158314746
3.22497978023637,2.27732316500337e+33,0.431718805859181,-1.55309246841952,59.5759601075123
2.4193554778523,2.6151218744826e+33,-0.857385416715049,-2.23481919304789,61.9334892343841
2.42409904851532,3.00302676558743e+33,-0.62310463339579,-0.0205604253972061,64.6633469669404
3.32862103679726,3.44847016226298e+33,-0.283478227039096,0.880888555467397,66.1268499582917
2.65747365419723,3.95998683604536e+33,0.580800203362137,1.39829815114249,66.8530123731377
2.8985983288471,4.54737753374148e+33,-0.0926995916807424,0.243918520077294,67.5818762446441
2.81569900428272,5.22189676141132e+33,-0.00695332078507463,-0.723893812162787,68.8566998684263
1.22182442872221,5.99646842262565e+33,0.359192860971384,0.706087484790437,70.0155094606882
1.29099987547994,6.88593344266505e+33,-1.0598716761885,0.304465772250624,71.6150365958218
1.87899449812516,7.9073341231823e+33,1.17210375455358,-1.34988881764511,73.9476734501669
3.51365282608301,9.08024067561186e+33,0.316083778531348,-2.19839620563125,75.807910251213
2.57472901450756,1.04271261897624e+34,-1.91932200757639,-1.96696229755344,76.1444577553969
3.17553763729173,1.19737972220547e+34,1.92555507667815,-1.07038971185655,73.6357919769162
-0.333118298238947,1.37498882535487e+34,-2.80333204383687,-2.18862338093365,68.1824557112781
2.10521812177513,1.57894294916608e+34,-0.638864622961107,-0.652433457674467,62.2817567029836
3.14939923894933,1.81314988947481e+34,-0.0746834884354201,0.59064157134567,57.1120993661662
4.45593838529155,2.08209709124629e+34,3.0163293670123,3.0287791372472,52.9469371676448
3.41245818670336,2.39093762878695e+34,-1.63818434932986,2.11422863437889,49.3306276620644
3.43296337587079,2.74558893952808e+34,2.81410149473421,1.55671497627145,46.5944369345299
4.49666553202071,3.15284620313724e+34,-2.16776073976573,1.34282936916612,43.4518349171086
4.69857333091581,3.62051253832103e+34,0.455579345315761,1.47209270543686,38.8266499837675
4.15954654813203,4.15754851191172e+34,-0.592620734304775,-0.358695602487446,33.7405703756059
4.69229998786668,4.77424382485779e+34,-1.71134240069431,0.119637463519013,30.9808192899671
1.84385646676273,5.48241446465092e+34,1.18238230904963,0.266557724554208,30.6057365338392
1.23429144228473,6.29562910166385e+34,-0.635434972228446,-0.624255889490643,32.1304343864448
1.98033024968564,7.22946906719145e+34,-0.175606915561907,-3.08240876885531,36.3566082398222
2.07860416353451,8.3018268944187e+34,-2.11227686827109,-4.19986964128723,40.6976162066494
2.0258002035717,9.53324914241154e+34,1.88692985651711,-2.99587148677367,43.1456736736523
1.26984268508067,1.09473300716967e+35,0.688502240432466,-1.31545928738819,43.7035280528895
3.17295223320455,1.2571163714322e+35,-0.557600516096939,-0.448129262977808,44.9664862377426
4.41361232142278,1.44358630001363e+35,-0.165881511025529,-2.17629538754467,48.2609513151317
5.46355368243965,1.65771558858378e+35,0.144556588460757,-3.95443177226411,52.2232565193346
4.50978301122266,1.90360699087248e+35,0.512780269523338,-4.94236017982592,54.8891094140856
3.26159820876507,2.18597182813149e+35,0.557075238827726,-5.56593252234014,55.0175804328108
2.08436094330452,2.51022025885418e+35,-0.357757689563984,-4.99432982885786,54.0153488684676
2.30250354484363,2.88256493833595e+35,-0.504242340218966,-2.12245872497851,53.0850406900004
0.930248635240075,3.31014005421043e+35,-0.989831959508566,2.29022102379154,51.6631549079389
0.379455693042704,3.80113801870272e+35,1.83509869824261,5.00489910581848,50.4987985492805
0.70113013883405,4.36496643664635e+35,0.21996927638489,6.47758143493045,51.425754590164
0.476043445828265,5.01242835679817e+35,-1.09664544961172,5.2399094965585,53.1754020754568
1.21214338353528,5.75592926009708e+35,-0.370637176144516,3.403533080366,54.2710000541305
1.67795279309156,6.60971475079693e+35,-0.435167355639894,0.567273976365051,53.6933681232713
3.02919763303912,7.59014350467637e+35,0.959867448524985,-0.282015171740184,52.4798388397007
3.05618448212978,8.71600070405987e+35,0.214087595227826,-0.583919305341744,52.0278001888763
1.53064190485652,1.00088579651184e+36,-0.146071031580224,0.24688731535367,51.8458658836088
3.00984328370665,1.14934866537187e+36,-0.51592799730759,0.61117412617222,51.2991433388793
3.14081878599564,1.31983325090223e+36,0.474364729216682,0.845207069857742,50.2877305179537
2.27568649726486,1.51560606687054e+36,0.619955156571152,1.17562906902403,49.0728842962636
1.58574388675279,1.74041815385732e+36,0.227478576694282,1.44784637168069,49.3265567906534
2.99092798236813,1.99857694983407e+36,-0.550318616182878,0.563826195338338,50.9402979369173
2.27844747925555,2.29502882141019e+36,-0.42955829499446,-0.644514730306913,51.5924304511149
2.27137610280547,2.63545383706178e+36,-1.03300377957422,-1.41319895837175,52.1295661234843
2.17472238317745,3.0263745982135e+36,0.48620088484521,-4.11915570366269,51.9155231743235
2.79129465000123,3.47528121339551e+36,-1.30392071324525,-4.43680055870413,51.6087189105082
1.4725115699273,3.99077481000181e+36,-0.496053172910146,-3.90933059624307,51.8353156957277
0.671081935045689,4.58273233335965e+36,2.62189584893715,-2.11738150813703,53.9679766253998
0.371148676743322,5.26249579068844e+36,-1.72809533886832,-0.744708951622625,56.7761919231663
1.12419870468734,6.04308956589462e+36,-0.464662877939254,-0.788533120654725,58.4256324995719
1.40225384619165,6.93946996899107e+36,0.523447563141145,-2.0987619005812,58.5339910202203
2.38831226104857,7.9688118015507e+36,1.69742036750053,-3.77455708239961,57.9093709909155
3.10243243673116,9.15083742883699e+36,0.851750146341531,-3.72541822423115,56.1362006738373
2.92255478261383,1.05081946636899e+37,-1.5964995216993,-2.97775293620775,54.8640529170081
3.35334036494089,1.20668907024867e+37,-0.153239648181119,-1.01645059563038,52.9075290777921
3.67774634568363,1.38567904274653e+37,-1.22412688768898,1.46298212532926,50.1784034344781
3.84139740900722,1.59121886229669e+37,0.629216140837356,1.35572224956408,46.5756652659075
3.30486947178418,1.82724670693597e+37,0.0869359954540772,-0.206593117936119,44.339403822888
3.62969777759429,2.09828491046745e+37,-0.0387450891578473,-1.56257377401345,45.1963211446532
3.84817981313383,2.40952661114835e+37,1.19506182321516,-2.35922683464629,48.1535853004708
3.85677678734852,2.76693525310566e+37,-2.06335023007861,-2.89019529481837,53.3074117555151
4.23479128490992,3.17735884694387e+37,-2.00156851623904,-1.63662255040776,57.6986383680442
2.8329743930372,3.64866117879736e+37,3.57507005769606,1.84265970764882,60.9759200852795
2.73849362247705,4.18987248181543e+37,0.88780494745007,3.39935520643005,64.3429550365288
2.33232072154863,4.81136245697129e+37,-0.698630161717014,4.02713454133823,70.5650128279504
1.0388218048265,5.5250389583032e+37,0.309434466552063,3.35603275743297,78.975778771672
2.49861331811482,6.34457614943108e+37,-0.653042386511401,3.55213463050219,87.8761995165936
2.15105966712878,7.28567650286614e+37,0.718888700537272,3.65166642786963,93.1378190880037
1.54103909472671,8.36637166206535e+37,0.0574382036636572,3.34499528709655,94.0104458179439
1.00022404929705,9.60736793079874e+37,0.721124638430019,2.27945139998188,92.9355704339999
2.7296755230674,1.10324430094651e+38,-1.27605628297661,2.16034590042997,92.2164004575228
3.47480983792959,1.26689015798916e+38,1.17754893200849,2.66552761892589,93.1132988488727
3.92656678570025,1.45480984676993e+38,-0.549251673978254,3.79094499885148,95.4191687250781
4.0831481639167,1.67060394061161e+38,-0.184973264864532,4.84277983569095,99.1856343430632
3.03607805677199,1.91840709119726e+38,-1.05496937122041,5.11780520574449,104.829294456709
2.6310070577907,2.20296724920245e+38,2.20733390344371,3.29402880630066,110.691947594816
2.36993783739962,2.52973663584087e+38,-2.25935517620071,2.51163108003909,112.776967618192
4.20529494246232,2.90497620835368e+38,0.742178989623286,2.18005874669858,111.310947277969
3.24072928454586,3.33587562101929e+38,-0.600702513965566,2.3911461516014,109.862638833314
3.83310788510022,3.8306909801569e+38,-1.03172118660643,3.00606547806846,109.914094868116
5.57861546772635,4.39890303253324e+38,1.66812407339569,2.1508105551547,110.402692809752
5.56010258176647,5.05139881808935e+38,0.257174617695092,1.6640506225159,110.965357470873
6.47969656909014,5.80068026748477e+38,-1.94906497728906,-0.0899410600522645,111.10600014358
6.85883446265695,6.66110374122356e+38,0.325016146430624,-1.3943582903602,110.858473141089
6.29276262679064,7.64915509997275e+38,-0.0381116685132601,-2.30067280963468,110.601108510012
5.88455509314145,8.78376557646763e+38,1.45166215608901,-0.893657710041406,110.507309882955
3.32817317444947,1.00866745011632e+39,-0.464911146748301,-0.562977643089042,108.839057790225
3.4151623943419,1.15828458315176e+39,-0.939547176954904,-1.39302223639349,107.748823172089
3.94365903608533,1.33009464656794e+39,-1.33920925243042,-2.13347649410073,106.822407407813
3.75149964361571,1.52738955051505e+39,1.35457117830233,-2.67503455400684,104.678065956984
1.53531789035111,1.75394949903922e+39,0.322196496171534,-2.07492528774563,101.425694665139
0.755546011763504,2.0141154194374e+39,-0.99673412551532,-3.15886699935815,97.1054666034014
2.23902054318077,2.31287213516561e+39,-1.14811177296171,-2.10536783107978,93.4853493248581
2.00502277932805,2.65594387590744e+39,0.795152085809111,-0.10186498072176,92.0224742187418
1.88492339788654,3.0499039547922e+39,0.54347759428555,0.967688769713331,91.9743984490887
1.22955760828285,3.50230071419673e+39,1.28949391617508,0.639350615861243,93.4218617312661
1.1755914223241,4.02180215327427e+39,-0.679664831994235,0.131443156529155,93.5425294211744
1.5683933398785,4.61836200829811e+39,-0.133720582970832,-0.587549023388494,92.7596985869053
2.62421101040795,5.30341046794819e+39,-0.565782380424481,-0.164538556097889,91.6753139435009
2.4541429881803,6.0900731776778e+39,0.893880778287726,-0.294776559157391,90.5658881170878
2.55897774552938,6.99342272932152e+39,-0.698395777016693,-0.786540049576242,88.9718257856579
2.79149164871469,8.03076745452833e+39,-1.07011268550828,-1.50054785863634,87.6673255287419
3.7934048488409,9.22198305535127e+39,0.194362276465341,-1.01340235648489,85.8625477814561
3.26638629320314,1.05898934260924e+40,1.39927990188544,-1.05928609898432,83.1810677449489
3.02276926982087,1.21607079630144e+40,-0.299690654432279,-0.324606350386737,79.5722164250773
4.25351649268873,1.39645237408485e+40,0.835425979660612,-0.633918597604221,76.3230545094039
2.73910118217864,1.60359021778845e+40,-1.30910446039865,-2.23263759202097,73.0139246048623
3.16686818443468,1.8414531238647e+40,0.0882155392132483,-3.79507591390024,70.0823255815007
2.50810939794189,2.11459858620714e+40,1.57116459650126,-3.45588226775101,70.3242116966163
2.47667233874507,2.42826011851159e+40,0.422583951128295,-1.85066489723562,72.7061373951831
2.37132447990949,2.78844752929213e+40,-0.0731539504121745,-0.428711688987852,77.3018180885677
1.28171203946978,3.20206207083834e+40,-1.44108972462844,-0.90785937993952,79.5620070833158
0.172559874880579,3.67702866838753e+40,0.364200056553476,-1.85060311774881,79.4510574554156
2.73935220013725,4.22244776304536e+40,-1.7303061913523,-1.23491609805001,76.6528633500925
2.46710573919307,4.8487696777913e+40,2.18636382734127,-0.365715923390774,73.5173301207113
1.96004663042125,5.56799484745118e+40,-0.662503245183334,0.0753872654271723,68.7834433599299
0.966685867971323,6.39390374907746e+40,-0.283865586476963,-0.238217591761927,64.9456484925573
0.954399527512682,7.34232093824244e+40,1.00116594300297,-1.58846388894492,61.2487590696452
1.13958633130361,8.43141825022494e+40,0.513564751938267,0.550375849450568,58.6371880335586
0.720344310025845,9.68206297547693e+40,-0.257220359816932,2.08635053772669,57.1963566809388
0.203531678114458,1.11182176804715e+41,0.911153460131422,3.00369728991275,56.9068049156755
0.814561245909569,1.2767399334568e+41,-1.83622786036197,3.65683740187804,58.2370075559544
1.20010466184699,1.4661206539843e+41,0.253070055636453,1.88139947271593,59.0583558893455
2.84592178094169,1.68359249657016e+41,-0.0455925100898033,0.194324465074016,58.0422840081883
3.06475558974802,1.93332225884985e+41,-1.37554878438761,1.77914957300505,56.3256008167805
3.07107972853712,2.22009480570794e+41,1.32432723470607,2.85437056018077,55.5522227270969
0.677259596715392,2.54940474810629e+41,0.255787476256339,2.2717367026592,55.0428307514079
2.33310702655277,2.92756172076821e+41,-1.32022656658502,0.687231800441962,54.709504445155
2.336039768873,3.36181127585709e+41,0.420638637342739,-1.92025930056368,54.4757203844477
2.89035581497244,3.86047370899295e+41,0.49523145482876,-2.04448127004865,54.1871797840263
4.497791264619,4.4331034775372e+41,-1.45216048352693,-1.61085419361054,53.3689748542285
3.28141632958394,5.09067226562694e+41,0.945323072572492,-1.0854438633547,51.6311497519448
4.04857143543015,5.84577920351643e+41,2.67961298151273,-1.24248520962596,49.9971958496656
4.17755246080971,6.71289226906392e+41,-2.82562156320247,-3.56365551054005,47.9382832393144
2.49416820089181,7.70862549665771e+41,-0.734255408643007,-4.05056529606477,45.1442475918701
2.54504945474808,8.85205730495174e+41,0.835582816822498,-4.45570115307434,40.5343521919911
1.73396423192486,1.01650960426245e+42,2.10989474839206,-2.35612389513881,36.0872191429959
0.951052714986617,1.16728997560803e+42,0.31129166616543,-0.0817554865019978,33.2102676607609
2.27363074644989,1.3404358221914e+42,-0.0509247877612764,3.00507214477267,32.8211983112734
3.01016431835839,1.53926464799633e+42,-0.826412734221767,4.0731449425832,32.3986010375177
1.47432427137797,1.76758604727363e+42,-1.52453711322135,3.43180350615029,29.9159181768604
0.850740979226415,2.02977469701743e+42,-1.1195777032835,1.77891567293218,26.859255966832
1.60952610468949,2.3308541765234e+42,0.967151079800418,-1.91995197073348,25.6026189660949
2.21847466749788,2.67659322002569e+42,0.642897458811188,-3.39771142898937,27.2136958760783
5.12922696731538,3.07361624662991e+42,0.82453326622473,-4.19909648212148,29.8270772067856
3.63242669780691,3.52953028531421e+42,0.0186244791994305,-2.77564413300925,30.9762131947351
3.13248885650677,4.05307072690333e+42,0.104070294905685,-1.92215577060895,30.7051543997101
3.27810653887703,4.65426869564835e+42,-1.22619784459348,-1.43056648574059,30.2435876364311
3.51327537143968,5.34464324728001e+42,1.72063725400042,-2.1334744696363,28.7947728445861
3.46401089067379,6.13742207608335e+42,-1.29976749537202,-1.54041950715025,26.7078513881807
5.28827479902983,7.04779495977869e+42,-0.195957387475161,-0.0555448076691644,26.5303920923962
6.29278517253261,8.09320479825629e+42,1.78460836039571,-0.473617805951162,27.4777032947875
4.62022491221314,9.29368182251651e+42,1.16134440248367,-0.960055872679003,27.7686275042133
5.94380668992584,1.06722273773157e+43,-3.4111357617531,-1.24943667795879,27.9455058381105
6.51018159430441,1.22552546308592e+43,0.888036592183287,-2.41133217483405,28.0310577913796
6.60491742327623,1.40730946556136e+43,-1.75311182562877,-2.19338676428672,28.0521752452919
5.19739663222654,1.61605775768346e+43,0.731678709072903,-0.301485557473457,28.2314598687013
5.32278171814621,1.85576999237131e+43,0.72784038939105,0.623657530026305,28.5522654402035
2.73078044685226,2.13103909697043e+43,0.127821877905967,-0.784924221220783,26.5996676484665
1.53729347735762,2.44713927452487e+43,0.223762583597699,-3.8873605473824,23.4805193330063
2.19478871029874,2.81012705840807e+43,-0.400852108035975,-4.51548904759465,20.8976254267061
3.85158876063788,3.2269573565364e+43,0.569916701327767,-3.48870307742223,19.3554005954434
2.51815207729362,3.70561670859235e+43,-0.79247581675574,-0.683636123901951,17.822467793913
1.15918905368778,4.25527630948844e+43,0.589546168065589,0.642823678742305,14.6234319330077
3.17855160463847,4.8864677310277e+43,0.794631523750814,0.954147563789438,11.9124352991213
3.54310570818988,5.61128470861753e+43,0.151704084091875,0.264156068934478,10.5321131977698
3.22845128592881,6.44361485930511e+43,0.406476904029286,2.46431972388925,10.7633042964017
3.84822450786626,7.3994057708911e+43,-1.35503470657232,3.24456391183045,11.9264279529108
1.67679534271706,8.49697056043492e+43,0.0527035155474751,1.90427198737084,12.2976915452821
2.02163036117933,9.75733875670438e+43,0.902753899827004,2.97725816083157,12.4682331570793
1.51546761249285,1.12046592295375e+44,-1.23144700868001,4.95451913904288,12.7600580072742
0.624211614167452,1.28666628863117e+44,-0.185508027092553,4.88736631554819,14.2505139873387
0.885819757102167,1.47751940008644e+44,0.00944495056282812,4.78029273990236,16.3819089540331
2.46875310526602,1.69668203552162e+44,0.684267569796995,4.60989375615639,18.5944569718336
4.54704013446411,1.94835338845187e+44,-0.291140421938838,2.3649146597659,21.5499181459423
3.41237700198338,2.23735552497014e+44,-0.400837131775276,-0.72825507979267,24.9749884548791
4.22544354783338,2.56922577535686e+44,-0.970217078397281,-2.42654093358349,27.0854717915404
3.69621619366603,2.95032283027355e+44,0.100972195307854,-2.71795504425146,28.5584878564238
4.95955660998757,3.38794857436159e+44,0.0701018130257715,-2.41503438377319,31.43930830235
6.00548476518672,3.89048799159869e+44,0.819117059077123,-1.28168260878237,35.6047098851783
2.29705115459422,4.46756982302358e+44,-1.85520019400619,-0.0871609800837488,39.8480802108516
2.34119934711535,5.13025105505834e+44,2.45622047134878,0.468597925158198,42.4350088664108
2.56376088524835,5.89122877325611e+44,-1.65485579450116,0.870875716705137,42.8740714007293
3.09600243510089,6.76508344062823e+44,-1.10835821464857,0.790451759791734,42.7336368883752
2.89116430144084,7.76855826180502e+44,2.26290453455593,0.215019129503788,44.7842137821171
2.65373547723267,8.92087998569531e+44,0.844261692164005,1.43360975753754,48.8052757807258
2.90700397235804,1.02441272932783e+45,-2.90527690189048,3.63417836739739,52.8353055730478
2.01875706167635,1.17636538289007e+45,1.4472426615764,4.64127233692132,54.9515388253321
1.26492133635656,1.35085739804319e+45,0.818679780483244,3.04227798052454,55.0712574905351
2.97018266207712,1.55123207159058e+45,-0.371807738891628,0.762001582291133,53.2671419793189
3.66877740237849,1.78132861648974e+45,-2.73199890244558,-0.153056680003878,51.6090098124327
3.90647705908355,2.04555572182802e+45,0.341590686232066,0.00636691237528833,50.8891171401108
4.25324140776725,2.34897602405832e+45,-0.0512971883791822,-1.54326025648775,49.8138355812604
3.4809072662034,2.69740310797786e+45,0.874061319807181,-2.72362795456931,48.0848468354113
3.66324936925278,3.09751289600562e+45,0.0918245481802862,-1.78736288542491,45.9628555818333
3.3320867041581,3.55697155999564e+45,0.280322719708423,0.919772216404512,45.2718056749023
2.32126742999685,4.08458240639876e+45,0.675760668987664,3.13077414266456,46.0914880035412
3.32579646131347,4.69045454911726e+45,-2.00275002785514,4.40888287489535,47.1553302184432
2.75660354514335,5.38619660185331e+45,1.08661281140728,5.52809665498363,48.3704951423519
4.38650299778627,6.18513910112955e+45,0.0234532959331958,4.84657298815073,48.1259654210545
3.04830580542444,7.10258992164497e+45,-0.434744764293456,3.59823906574434,48.2470893418477
2.83423357759803,8.1561275777678e+45,-0.456086456952107,2.82228808904797,48.1658923322853
2.34724879856334,9.36593803087223e+45,-0.0561491358086879,1.90204492228106,47.8380988572375
2.14856728730571,1.07552014558049e+46,1.44885710367664,0.719346507651072,46.4931508449224
2.60639848998743,1.23505363769928e+46,1.01249723614211,-0.32043427347575,44.8088733507345
1.068308724706,1.41825096839162e+46,-1.68251118543413,0.883967267938094,44.2432434360657
-1.09316949957064,1.62862222979301e+46,-0.925181992541916,2.92906057861371,42.8556403401456
-1.54968563474432,1.87019817119106e+46,1.00194743303213,3.91860569344224,40.7937384031585
-0.234292338436974,2.14760742887005e+46,-0.169653219378013,3.06022053608861,38.4385865421226
0.566003243683943,2.46616521157246e+46,0.225969611822953,2.18021216825429,38.1736243011857
2.4355565801008,2.83197514080599e+46,0.599206459579283,0.672247027319561,40.168788576582
3.74899235723387,3.25204619727378e+46,-2.01040671451682,-0.78552237950666,42.4074509202042
4.55455574527466,3.73442701414142e+46,0.029658183571196,-1.45701255940159,45.6419969357702
4.26224893583265,4.28836009022264e+46,2.06163379169232,-1.22733357456847,49.5743744855984
3.23863722566792,4.92445887783468e+46,-1.22809260877551,-1.53695348887237,54.250308898633
1.59217919951599,5.6549111383568e+46,-0.311214350902709,-2.75997296504809,59.8773686798929
0.887421037801443,6.49371246181932e+46,-1.37832524321804,-3.58527818922088,64.4317727040431
0.717805815607813,7.45693442479817e+46,1.66849849997939,-1.05737636154598,65.9011887212001
-0.825815638490622,8.56303252456627e+46,-0.331407087252889,1.44741262279501,66.1799431882167
-1.16708088828495,9.83319978957228e+46,-0.296912171093394,1.95183264931398,65.4825729516052
2.15505698197278,1.12917728414843e+47,0.104549954601556,-1.02053684441466,64.5863133501639
3.75646022611542,1.29666981890164e+47,-0.10440125230493,-3.72965544091159,63.2147462451116
4.20420181077094,1.48900676878068e+47,-0.61892754897369,-5.25496480140809,61.797957033171
2.93437719055842,1.7098733425852e+47,-0.20089998596186,-3.84574827658253,61.0870024760584
1.74987867209736,1.96350138158044e+47,0.757335995168563,-1.90098440309005,61.317922546958
3.06986595632808,2.25475044229843e+47,0.0308766470725178,-0.108882819847736,62.6132806035894
4.09079027039017,2.58920090647092e+47,-0.927906878809436,0.481888635319355,64.8506666970697
4.76907872206239,2.97326090209611e+47,-1.08201784903842,1.33317103217226,66.9621900358476
3.02897765564631,3.41428908426525e+47,2.43986068232447,1.764285241315,67.0779580217662
4.51248558790272,3.92073562825064e+47,3.64544964882941,1.27076564190324,66.3660651110333
4.20518350278277,4.50230413630662e+47,-4.7283320295818,0.133467752633172,64.2885919561886
4.61405685963847,5.17013756034555e+47,0.961889753667453,0.695182456839745,61.7764284496548
4.44423170898396,5.93703170279909e+47,-0.532148693917318,0.0306871518697551,58.9074259217053
3.19945933475504,6.81768038637749e+47,-0.682832875092727,-0.179428692634928,57.2579286895626
2.94815336673284,7.82895699022163e+47,1.11295039563392,-2.40009704715127,55.9116142914754
3.99557397939362,8.9902377467283e+47,-0.493939435253946,-2.92719201269163,54.4733629236097
3.58228334901007,1.03237729934713e+48,1.51020715943706,-4.07492242699053,50.036204097138
2.8179166541905,1.18551134934684e+48,1.17134333424634,-4.03298011087099,44.7132254003167
3.4275866116608,1.36135999921632e+48,0.502648696383744,-3.06279505232801,39.7734225512518
4.84786645272039,1.56329253911179e+48,-1.019183678401,-0.86072160018305,35.93135955884
4.59008858281236,1.79517803097596e+48,-1.27231051666262,0.243447349248323,34.8341843007904
4.4367657118321,2.06145944042549e+48,-0.596591924844777,2.27839505860702,34.6502590654186
2.43170060687899,2.36723876473077e+48,-0.997870839083818,3.26680744300806,33.4194961219304
1.8331512949896,2.71837478795481e+48,1.59769047496874,1.61927617846165,32.3611514297579
4.00102556393745,3.12159533625616e+48,-1.39692215382994,0.201505468920345,32.3398996685736
2.34454853355368,3.58462618418685e+48,-0.15982500229467,-0.019987471347069,33.4832054383127
3.98873503033292,4.11633908185195e+48,-0.39285110492085,1.24800857882704,35.0181110905105
3.08259711086983,4.7269217391563e+48,2.0333157605979,1.2820852890226,36.2663807550811
0.855431644263398,5.42807302406582e+48,0.726133851395013,-0.848003155893773,37.9678629031423
2.44713545158771,6.23322711491517e+48,1.42238635124536,-0.576190132367908,40.3559423832698
2.34334156199296,7.15781090155847e+48,-0.513170988084701,0.172906421365066,43.5664637619449
3.92319344180309,8.21953956721284e+48,-0.592511024201935,-0.296136479247314,46.4671891160847
2.72236830051552,9.43875601439366e+48,0.0549652875844121,-3.09236261899973,48.3669918451469
2.83641468644756,1.08388206384001e+49,-1.06604879647511,-4.76498918125212,49.854883397549
2.66881867444774,1.24465589164775e+49,1.34998249807189,-4.72587820982464,51.8198112431114
3.51574290770546,1.4292775388542e+49,-1.63785806890388,-3.93216272551735,51.3674196846059
4.22078141928085,1.64128438774246e+49,-0.26776114359564,-1.73844221570715,47.3803938685281
2.38817345017696,1.88473852573565e+49,0.494300639093581,-1.20235840762073,41.4530954365882
2.19362501805974,2.16430457568551e+49,1.6096750524526,-2.24324839047271,35.106931756246
1.06486911815058,2.48533907084267e+49,-0.900195827064748,-3.09395418987388,27.841457671825
2.83469050657807,2.85399308694834e+49,0.508761883964983,-1.26391497990394,20.6337739432712
4.06679870587217,3.27733009789574e+49,-2.27730494506439,-0.315609737155106,15.0224750501429
4.08795603041383,3.76346131309592e+49,-0.0128402353992397,-0.140455408550798,11.5235814641968
2.53854066604778,4.32170108963503e+49,0.925332645113878,0.823629993666134,10.6033440731938
1.86853810427326,4.9627453969464e+49,-0.262432148235315,2.07266223344198,12.3503715764236
3.58462953343426,5.69887675341113e+49,0.281156740572771,1.05870874516813,15.5208124467816
3.10097889776623,6.54419956150746e+49,-0.353764386434041,0.275303266514311,18.5639234935996
3.43999015782983,7.51491035057042e+49,1.16258109897743,-1.67259228078087,20.1560918620626
3.61827472720651,8.62960810505933e+49,0.965723583886631,-2.45664506321444,23.2888763323333
3.90525914427231,9.90965062427563e+49,-0.569903633514183,-3.17861906341998,27.9671510688116
3.75173129828317,1.13795637414442e+50,-0.88236599129231,-2.92068212172076,34.654789917067
4.39369140162741,1.30675112428656e+50,-1.21998579764326,-1.30624046061003,40.3425030037451
4.25741412622395,1.50058344908702e+50,0.61572422500141,-1.30096099829709,45.9847834226364
3.51072988397922,1.72316720898424e+50,2.06232538389583,-0.699346632899826,52.9233298757203
4.1656351009902,1.9787671468222e+50,-0.0307602889209893,-0.218959144835147,60.234782571998
4.07053987420664,2.27228060105146e+50,-1.72522601688849,0.799607196557467,67.4328207426885
3.36834182629775,2.60933133957005e+50,1.42000227083977,1.46864830406462,73.8489383077625
2.47189476073209,2.99637731207662e+50,0.674171095121662,2.11494456942004,79.1252675663899
3.94918494878269,3.44083438548932e+50,-0.26673981149564,2.49515715053032,82.6718265013172
3.54204192882451,3.9512184332221e+50,-2.3980514370908,2.77780042788073,84.7063487496023
5.00760387706531,4.53730850077341e+50,0.719434263116766,2.37570214997139,86.0884486103981
4.29712136714234,5.21033417390757e+50,1.38026932470412,0.0927716175494189,86.1408292806569
3.84850288942751,5.98319073943542e+50,0.122774555481706,-0.511749071861683,85.0369122585679
1.3032677518403,6.87068626111136e+50,-0.315210472700296,-0.292396293823054,84.2165291348857
1.27567191961284,7.88982530466326e+50,1.44273461772335,1.75643165646686,83.3542620835194
1.51720220483496,9.06013474817515e+50,-1.40372784099732,3.21453491521312,82.0289455517504
2.37604285393281,1.04040379204054e+51,-1.62588591570995,2.74217486249138,81.7556190828391
1.83771453613251,1.19472842355944e+51,-0.01341281822818,0.286068391554929,83.7797802153902
2.54353928858303,1.37194425566377e+51,0.779773893395874,-1.98569561508152,87.6828714863045
2.02758999448571,1.57544677395479e+51,-1.26467124701715,-2.86829347362632,90.1217395087301
3.73690922651091,1.80913512142934e+51,1.46621068445564,-4.71367681398323,91.7393118017115
0.963734479191365,2.07748680672539e+51,0.0653930442501519,-5.23441438355323,93.6378921572865
-0.336902121949365,2.38564349395205e+51,-0.572790946058414,-4.41411126164812,96.3442175729647
1.0607350432516,2.7395095178518e+51,-2.20969068043896,-3.42861211548939,97.7214310371737
3.26956164990359,3.14586501186226e+51,3.04746180379653,-1.41936889536832,96.4956872670574
3.54132300416449,3.61249581663052e+51,0.520618208001689,-0.733488014066477,92.6317298009223
3.98043263501763,4.14834265804932e+51,0.544018650597347,0.942584995134606,86.4668978775528
4.69222235623197,4.76367245309167e+51,-2.27664693802894,2.75701131201919,80.2855613006751
3.96358688168887,5.47027502569306e+51,-1.56285039967155,3.2682366750842,75.5642423246629
4.21792912742722,6.28168900179112e+51,3.48334261092202,2.61431442710621,71.388002731154
2.62684074342661,7.21346121171012e+51,-0.879453919696489,2.55836862810372,68.7132434703929
2.94051441762068,8.28344457008454e+51,0.881754460316928,3.92976833900168,67.7059838048936
4.4092129111797,9.51214014075168e+51,2.16490739796608,5.27259691785254,68.1246387584248
3.41381889371577,1.09230899406352e+52,-2.13889329910854,4.85006999656383,70.2051040105117
2.06768796866422,1.25433280088088e+52,-1.04929372627129,4.75970483502064,74.0355488993465
1.3043866646918,1.44038983833011e+52,0.602234834895874,3.60162535802004,80.0406191398075
3.32607212745647,1.65404499101644e+52,1.09133503037112,2.5964862155458,86.6103006707065
2.69612902261286,1.8993919281452e+52,-1.52470755351086,1.45600477882592,92.169902963055
3.48995936830489,2.18113153892273e+52,-0.323741436102426,0.0492757903494081,97.1862313378554
3.96732565809639,2.50466200239627e+52,1.81945214264695,-0.394375785903918,102.615427027229
1.31799426242363,2.87618221748611e+52,0.428208413202546,-0.284380437648828,107.221668941578
3.75476721871151,3.30281057494739e+52,-1.52754752281897,1.28070729453332,111.095834776724
4.19664100784486,3.79272134695236e+52,-0.42221145637804,3.63390533879454,114.70760416377
2.80537474799396,4.35530130754084e+52,0.964807435574614,4.52718300370594,119.016737678981
2.64660371192151,5.00132958481361e+52,1.4821342103396,3.25511165587352,124.309946696231
3.66689813815284,5.74318419086723e+52,-2.78846950708116,1.98592693991218,129.118886081062
2.71608243736028,6.59507918661923e+52,1.11129772479519,2.2793401738184,134.102434649178
3.41145790152592,7.57333702564227e+52,0.321651394194317,1.3887556178382,137.592718543809
4.95515990184598,8.69670129516151e+52,-0.320620843196786,-0.159385435482527,141.466610231378
3.63190420567421,9.98669584638612e+52,0.0647251197786517,-0.359119003462931,145.419231886519
4.60652588853796,1.14680371951735e+53,1.13829303992487,-0.352452560194347,150.236595866707
4.40656097333153,1.31691080946932e+53,0.0278463463552669,-0.615114265054844,155.381595915231
3.82949308657867,1.5122501353824e+53,0.776461627903513,-2.29131250634315,159.816028507835
3.70351050197693,1.73656443209365e+53,-1.1138932815001,-3.17179182992219,162.92376673495
2.66282705920398,1.99415159982788e+53,-2.19291514649,-2.5437027196078,164.957958255073
3.62499350174364,2.28994705269976e+53,0.851852500533639,-0.662905395365525,167.331898644128
3.10065884906776,2.62961828209096e+53,1.4060489524633,1.25912435828493,167.812672223828
1.83387800434977,3.01967344675268e+53,0.896750031293506,0.841389632995659,167.04580016073
0.656204675910059,3.46758607023853e+53,-1.15006175343117,-0.0629200561700237,165.784546319337
1.64238730572494,3.98193823489189e+53,0.0677777542062755,0.666778155617092,163.282122355795
3.61085387020023,4.57258501600893e+53,2.06729705780562,3.07242690650605,159.890924131532
2.62580667509001,5.2508433067639e+53,0.127725936942208,2.77247513848284,158.419287773688
2.99418457083144,6.02970865181469e+53,-2.92789955801885,2.2038970830796,158.395673527131
1.36349627989874,6.92410424415731e+53,-1.56487265518492,2.07942057924963,161.520664145333
0.905806319756875,7.95116685605173e+53,1.01771235802834,3.47115157488679,164.519524289017
2.45962052137271,9.13057518250431e+53,1.39962690215535,3.9869474047653,166.215557918624
3.19919394554185,1.04849268884241e+54,1.3122046429637,4.09955190742415,164.862831302783
3.04808313147161,1.2040171583741e+54,-2.63297242809138,4.3482684957251,162.783638153119
2.58611740726541,1.38261080223625e+54,0.101169882413072,3.54542778377486,160.30572543376
2.81539653946077,1.58769550513864e+54,0.260971562905598,2.97221639923652,158.69428450171
2.23293501854857,1.82320072500541e+54,1.43696966004342,2.25893866205496,157.314033376619
2.89960767088149,2.09363878205979e+54,0.816388066033403,0.98018701411369,156.891734591609
2.16251452174067,2.40419131564999e+54,-0.0055317955228039,1.0420689009589,157.403664856524
0.173722191012285,2.76080856534391e+54,-0.159162070962244,0.361874789121809,156.65763829747
1.1344830027714,3.17032337853512e+54,0.0322948278308225,-2.56874375574063,153.597387339868
0.221804139421398,3.64058212896566e+54,0.890209688346443,-4.34558450030043,149.61927304068
0.317782133376088,4.18059505458658e+54,-1.67447950107785,-3.80293705701858,145.624909707033
1.64708702761884,4.80070889525553e+54,-0.0016120788741148,-2.07959439516256,143.833546631539
1.31742589456896,5.51280513803906e+54,1.113715696126,-0.892933818797819,144.938339934892
1.67807059868814,6.33052766853346e+54,-2.42618543634132,-0.578688064128843,146.023559969335
1.69968219815268,7.26954419004239e+54,2.91445706214493,-1.441759866621,146.398144653416
3.30295222668332,8.34784641944729e+54,1.14246505720912,-0.982851014712296,145.240224762355
3.35139173844747,9.58609481157479e+54,-1.66491519597374,-1.87790684807161,143.440351754705
0.427671811255393,1.10080144170388e+55,-1.14936991636889,-1.82518406528911,140.927941779779
-0.512568766535375,1.26408494582609e+55,1.16638628926464,-0.484577546951122,139.002091023276
0.387579203305812,1.45158853334242e+55,0.0832306360325701,-0.268903192060297,136.853994912768
0.934241232245242,1.66690480500438e+55,0.140575314791809,0.0202168241664547,134.490536646723
1.60526734219264,1.91415925734047e+55,0.781990244460577,1.3755007765413,132.207228589863
1.94988027261582,2.19808932787413e+55,0.264237740622899,1.82012791662072,128.490247492104
3.63020356250811,2.52413516523549e+55,-0.569808060445752,1.84516800233286,123.987727069084
4.18527911613667,2.89854386333804e+55,1.8440977813419,0.816199369084506,117.60551692694
1.46669570281149,3.32848915676463e+55,-2.59571536045288,-1.0435935710927,111.995593826293
3.0938799759325,3.82220887074692e+55,-0.428409009250855,-2.67756182109202,109.224157106745
3.51550960512815,4.38916275930339e+55,0.730440807748684,-3.21998632194632,109.366487025409
1.34740216189925,5.04021375574148e+55,0.735069300448203,-1.15967942988032,108.808825948776
0.727479602611872,5.78783610831454e+55,-0.248519934722445,0.74022879741743,107.282392142509
1.64024859521247,6.64635438894823e+55,-1.33181952327652,2.52930026192113,106.018548418679
1.57432303626119,7.6322179544844e+55,0.362059392392256,2.46326781089752,106.303201331589
3.28705493654659,8.76431611916681e+55,0.52366112130673,2.02591414964326,109.482179560227
4.96044558735444,1.00643400771272e+56,-0.159085610712877,1.63099225162437,113.73083371474
5.34714665352973,1.15571985093685e+56,-0.760183575628017,0.778841117974788,115.606942714414
4.79194102142447,1.32714948383457e+56,-0.525749372373782,0.0497637527251233,114.356617440453
5.18690206560772,1.52400752744239e+56,0.685669172539173,0.430087550218509,110.651089715855
3.72837696504136,1.75006581548774e+56,1.43246676762426,-0.923481342579518,107.275048727467
3.39344375706029,2.00965566336715e+56,-0.939187258848936,-0.74845811242953,105.812500081462
3.13341342773967,2.30775085688882e+56,0.376979422825668,0.616582421139789,105.71587908716
4.53111626987355,2.65006295085791e+56,-0.000322557955846556,1.79169706211889,106.437719397485
6.07000617287141,3.04315070344186e+56,-0.269369916468056,0.778413759835145,107.999290747564
4.4031624850773,3.49454574309665e+56,0.482973634309897,-0.000358938070276427,111.607625762701
5.92331068287322,4.01289687585407e+56,-3.14025816047224,-1.29099367882267,114.678116052013
5.54569844971964,4.60813579792192e+56,1.37578203371712,-2.5695619528552,115.965357287118
4.4561957543811,5.29166738867916e+56,0.27450515072633,-1.59871701495677,116.460966626511
5.59730047734805,6.07658823011209e+56,-0.807588884316046,-1.0540752010544,117.072680962562
4.7064613788439,6.97793753956134e+56,-1.10396740016491,0.00437443588521325,117.993800965032
4.99649915488329,8.01298532369391e+56,-0.744103503226473,0.555185082746154,119.440841255476
3.68036338394631,9.20156327477966e+56,1.72849382497861,0.505378411430509,119.014913613283
2.57342173732857,1.05664447493013e+57,0.223616421545754,-1.22811582544015,116.952799511276
1.60425268639203,1.21337811093529e+57,-0.938203152053592,-1.14527646981373,114.84474795763
2.44015923902116,1.39336027872028e+57,-0.369451523886251,1.94152748213422,114.084426001485
0.51822218947995,1.60003946735034e+57,1.75685056984547,4.13350565772293,113.656826431282
-0.36562584564655,1.83737568536839e+57,0.649285577977021,4.20672132479502,113.533833288526
-0.17517021363891,2.10991633523485e+57,-1.32046486884723,3.32553087598853,113.326211097863
1.34087617587419,2.42288334233523e+57,-0.0184539453341062,1.96756394555711,111.135156721776
0.660790166010292,2.78227320796213e+57,0.160404313019563,1.19979137931658,106.968862726254
2.51455778667028,3.1949719033038e+57,0.472066720166981,0.215939532853117,103.649124279516
3.50655352565947,3.66888680582789e+57,0.079359865792389,-0.437216219454012,101.930974836088
1.88341179314459,4.21309820598383e+57,1.29205930733728,0.509903321702344,99.3682929981077
1.12283617091603,4.83803328711822e+57,-0.548866241503281,1.86340466381434,95.6968457814013
1.57204477473795,5.55566591208811e+57,0.151119860614811,2.044002247752,91.9291329625874
1.94028164090869,6.37974604451777e+57,-0.51485706083884,1.90637192077774,88.3423907763347
4.3153796728594,7.32606320044946e+57,-0.265474261611012,2.87204879889891,83.8497385362038
4.58702010551151,8.41274897816668e+57,-0.344543168021902,3.42189629643648,78.6202630223003
3.82840999503492,9.66062446271313e+57,-0.222661231571007,3.0060931261905,72.9842309399925
3.84573087595368,1.10935991614372e+58,0.231970705539098,0.82597144095621,69.2469154947105
2.62685749037604,1.2739129114235e+58,0.524887655150576,-0.512145734446242,68.5451258655208
2.4244497554196,1.46287429559629e+58,-1.0354909629616,-0.437989767492325,70.2768573723058
2.13382111446195,1.67986460104643e+58,-0.246219029780353,0.889933221678465,71.2260101173203
2.5954477724386,1.92904139907566e+58,1.07626415792243,2.96561220514043,70.1852408348776
3.7233116000464,2.2151789596791e+58,-1.38228336165904,4.47134219171664,66.2623463865284
3.15477031151375,2.54375972737354e+58,2.63910330270201,4.18831652717895,61.1927465210232
2.10414708654766,2.92107936577047e+58,0.825286332684194,3.84771556931722,57.6585677490696
2.93361607318173,3.3543673835658e+58,-2.30597777314182,4.62849643763502,56.7608042883919
3.46681720550808,3.85192565316083e+58,0.241034821597813,4.35625939017527,56.4452612688846
3.00768030663197,4.42328747595498e+58,0.662155582779194,2.05925110880339,57.6765993611044
4.59891514766258,5.07940024202831e+58,-1.78131226557017,-0.823231645064056,58.8648891596546
4.73290357164574,5.83283518400464e+58,-1.9213592370278,-3.6095802993117,59.9436590838841
4.28878684037452,6.69802824401504e+58,3.6303425512458,-3.56858006736255,58.9690856356112
4.37097957009947,7.69155666881389e+58,-1.35647116287726,-0.964571645559118,58.2946837473857
5.11998137685243,8.83245663265713e+58,-0.5346803187301,2.45731254361852,58.2076412401543
3.84021654727621,1.01425879736513e+59,1.45363526502529,4.12904931428262,57.7230117140021
3.74685942770226,1.16470530319839e+59,-1.41926658442606,4.26506545275312,57.1253506648082
3.62976224573583,1.33746776150476e+59,0.132224020953637,0.589707603954441,56.2017567314567
4.66505222694778,1.53585633048316e+59,1.36324429024455,-1.60772590243839,56.493042333454
4.07999703367376,1.76367216898843e+59,-1.80530765645225,-1.43297035200365,59.0678404137434
2.11548531389576,2.02528026738401e+59,-0.571017046510301,-1.05559880371117,62.8085156832319
0.487727310679175,2.32569308150258e+59,-0.130025126225888,-1.86251088582007,64.8196988882104
2.89509882696556,2.67066657215567e+59,1.11417472330376,-3.59011158136157,66.6996674665803
3.61645815269415,3.06681049032557e+59,0.952625083370435,-3.22437425616817,68.5533407407472
2.12158317770337,3.52171502112272e+59,-0.541903085682939,-0.864066220250657,69.4755809137594
1.3413924942323,4.04409621302841e+59,1.85170756715265,1.9008122940709,70.2793466948448
2.79751509540106,4.64396297887182e+59,-1.05841751140635,2.38029036665868,70.6855782196177
2.18065812651154,5.33280886830882e+59,0.552634058135335,1.70166494197062,70.8258101892874
1.59714631426683,6.12383228619578e+59,-1.94653167310451,0.141241230541045,70.6334383458001
2.50083653900822,7.03218937628015e+59,0.772429154303181,0.214255428327009,70.3598938891019
2.73287871584875,8.07528441550243e+59,-1.92964811598301,0.663246777383198,70.190462572823
4.02320679942092,9.27310328291401e+59,0.834547042277586,0.857323981746641,71.0412409350681
4.79445026341713,1.06485963925322e+60,-0.467991443955522,-0.188405756407038,73.2411836433214
4.78629918436115,1.22281184271913e+60,3.08122038109607,-1.71401537943689,75.7522690056643
4.12050482931108,1.4041933298766e+60,0.614194261339627,-3.02421735700013,77.4329875538211
4.36145281823885,1.61247940098893e+60,-2.10988607859396,-4.16019474164393,76.6902197100292
4.47386740725312,1.85166085274178e+60,0.525952432726914,-3.90409916463187,73.8780370755937
3.91353640039003,2.126320442589e+60,0.23639234092662,-4.19704781619036,71.6221866860616
3.87096262590822,2.44172069516791e+60,-0.987613537809218,-3.51832799673198,70.3119406953293
2.89063485541801,2.80390473316993e+60,0.606046562667122,-2.80512950208935,69.8822397069825
1.83456442084459,3.21981206460311e+60,1.54298021204073,-1.05846660836712,70.5977252159174
1.90013839949506,3.69741154495046e+60,-1.0480008825348,0.416441737566971,70.7436766416275
1.72766056626757,4.24585406180161e+60,-0.148302769904059,-0.681231087025037,71.419381527768
2.1653223323565,4.87564786742147e+60,-2.26587929147959,-2.5976418007896,71.1601414645633
